2049 1421
4109 1723
4109 1767
4109 5087
4109 1722
4109 2285
4109 5509
15 2795
15 3215
2065 383
2065 1295
2065 1959
2065 4601
2065 7225
6163 1657
4123 845
4123 1984
4123 1985
4123 5605
4123 7129
4123 4433
4123 4949
2081 2349
2081 7661
2081 1985
2081 4839
4153 4569
4153 6285
4153 7225
2113 289
2113 6891
2113 1061
2113 7707
77 6593
77 6253
77 6485
77 5541
4185 353
4185 3399
4185 4031
4185 5541
6237 3739
6237 4231
2143 2507
4201 7565
2159 1389
2159 1687
2159 5135
2159 2523
2159 6501
123 2539
123 2379
2175 353
2175 3967
2175 3495
4231 3215
4231 3571
139 3495
6285 7225
2191 971
2191 1815
2191 3431
2191 6653
2191 7771
4247 321
4247 585
4247 4601
4247 4793
4247 4949
155 3663
155 1157
2205 7035
6317 289
2223 201
2223 907
2223 1643
2223 1722
2223 1985
2223 2285
2223 2395
2223 4293
2223 4691
187 3231
187 7485
6333 4355
6333 5103
2239 5231
2239 3739
4293 1405
4293 1722
4293 1984
4293 1985
4293 2285
4293 2715
4293 201
4293 5199
4293 7317
201 907
201 1985
201 2395
201 1405
201 1643
201 1753
201 1984
6349 3677
6349 5183
6349 4675
2255 1945
2255 3693
2255 4015
2255 6485
6365 661
2285 1643
2285 1722
2285 1767
2285 907
2285 1985
2285 5087
2285 7317
6381 7241
6381 7225
4355 6653
2317 7177
2317 1831
4371 2995
4371 5789
4371 6637
6427 2825
6427 7517
2333 4387
289 1061
289 6891
289 7707
4387 631
4387 1249
6441 1863
6441 3831
6441 4449
2349 1783
2349 2635
2349 4839
305 2618
4401 1703
4401 2409
4401 3921
4401 5573
4401 6531
321 3815
321 4793
2379 2409
2379 2539
2379 3351
337 6561
337 723
337 6987
337 1945
4433 1985
4433 4949
2395 845
2395 7097
2395 7661
2395 4691
4449 3831
6501 3059
6501 5135
6501 1389
2425 845
2425 3155
2425 3215
2425 3541
2425 3709
4479 3415
2441 3027
399 7365
4495 1359
4495 3431
4495 3585
4495 5927
4495 5557
4495 6085
2457 495
2457 3155
2457 3831
2457 5621
415 7723
415 3999
4511 2583
6561 2763
2473 1203
431 1327
431 2599
4527 1157
4541 1219
4541 1767
447 7113
447 3585
447 4675
447 1343
447 5669
447 6939
6593 829
6593 1499
6593 7645
4555 5731
463 845
463 5605
463 3541
4569 3889
2523 1389
2523 2583
2523 2949
2523 3302
2523 3999
2523 5589
4585 3647
4585 5293
2539 5309
6637 3399
6637 1703
6637 6717
6637 4031
495 3599
495 6829
495 1295
495 1499
495 3171
4601 5851
4601 3525
4601 3447
4615 2017
4615 3319
4615 3951
2569 7517
2569 2825
6669 3571
6669 3769
6669 4823
6669 3921
6669 7485
2583 1389
4631 829
4631 3967
4631 7549
6685 3615
6685 6733
4645 5699
4659 5541
4659 6971
569 3785
569 7533
2618 829
2618 6101
2619 755
2619 1311
2619 1359
2619 3399
2619 7301
6717 7081
4675 2889
4675 5183
585 1017
2635 4839
601 3075
601 4917
601 5247
601 5119
2651 5135
2651 2979
2667 4901
6765 2763
6765 1249
631 6955
631 3302
6781 5991
661 5087
661 2017
661 2917
677 7661
6829 3231
6829 3302
6829 3415
6829 1295
6829 1499
4793 939
2747 7645
2747 5057
2747 7333
707 3647
6859 3139
6859 4885
4823 3769
4823 4031
2779 1141
6875 5341
6875 1547
2795 3509
6891 1061
6891 5851
6891 7707
2809 2933
2809 3399
4857 2903
4857 5715
6907 1739
2825 7517
6923 3631
785 3739
4885 3139
4885 5835
799 3463
799 7049
4901 4093
2857 7349
6955 3937
6955 5479
4917 3171
4917 3302
4917 3525
4917 7129
4917 7549
4917 5309
2873 5325
6971 3107
6971 5479
829 3967
829 3525
845 5605
845 7113
845 3541
845 7661
845 1985
845 3585
845 4949
4949 3171
4949 3709
861 1579
861 7065
2917 3201
7035 1881
2949 2001
2949 1017
907 1643
907 1722
907 1985
7065 1579
923 6133
2979 3905
2979 5819
7081 1203
7081 3709
7081 7661
939 5789
939 5991
2995 4063
5057 1547
5057 3647
5057 7333
5057 5637
7113 3541
7113 3585
971 1831
971 5493
3027 1753
3027 3967
3027 7597
3027 3302
3027 5119
7129 5357
7129 6007
7129 5605
7129 1985
7129 7549
5087 1767
5087 3755
5087 6101
7145 3709
1017 3951
5119 4063
5135 1389
5135 5541
5151 3983
1061 7707
1061 1219
1061 1453
1061 5851
5167 5883
3123 5867
1077 7597
5183 1863
5183 5883
3139 1673
3139 5835
1093 3431
7241 5525
5199 3585
5199 1643
5199 1985
5199 5309
3155 7549
1109 1643
1109 1831
5215 7629
3171 3709
3171 7549
3187 5653
5247 1767
3201 5541
1157 3663
7301 1499
7301 7629
7317 1643
7317 1722
1187 3921
7333 1687
7333 3647
7333 5637
5293 1219
7365 1722
7381 3861
5341 1531
3302 3415
3303 1389
5357 1499
3319 6117
3335 5991
5387 6133
1295 1499
1295 1913
1295 1881
3351 3921
1311 3431
1311 1643
7469 1343
7469 5851
5431 3921
7485 1673
3399 5541
7501 5541
1359 5573
1359 1985
3415 4047
5463 1739
5463 5637
3431 3585
1389 3999
7533 3785
1405 3599
1405 1984
7549 3525
3463 7613
3463 3677
7565 1767
5541 1703
7597 3967
5557 5927
5589 3585
1499 1881
7645 6101
5605 1984
5605 1985
5605 6007
5605 7661
7661 1984
7661 1985
5637 1723
5637 6053
7691 1831
7707 5851
7755 3845
7771 1815
5731 1897
1643 1985
7801 3937
1703 3921
1703 4031
1722 1767
1723 1767
1767 1985
1897 6023
6007 1985
1945 4015
1984 1985
2001 6117
