4106 5682
12 4028
12 272
12 6206
12 1765
2062 3568
6160 104
6160 7330
4120 3276
4121 476
4121 3024
4121 3506
4121 3948
4121 5586
4121 6842
28 6498
28 6378
28 4182
2078 5491
4136 4790
4136 4994
42 1324
2094 3396
6190 350
6190 6454
4150 3199
4150 874
4151 58
4151 2407
4151 2551
4151 3428
4151 6634
57 2930
57 6130
58 4012
58 7174
2110 7330
6206 4508
6206 4820
6206 5924
6206 6666
4166 538
4166 4898
4166 1894
2124 1030
2124 4398
2124 4399
2125 5786
2125 7062
2125 2536
2125 3583
2125 5196
6220 152
6220 2712
6220 2915
6220 4492
4182 3198
4182 4076
4182 6378
4182 6498
6234 380
6234 6968
6234 7222
4198 3299
2156 4612
4214 1372
4214 4461
120 5196
120 286
120 6514
120 3492
120 5038
6266 169
2172 658
2172 2046
2172 4508
4229 5910
4229 7530
4229 4642
4229 4643
136 1894
136 6082
136 2696
136 6762
6282 2236
6282 1654
2188 4566
2188 1894
2188 1812
2188 1200
4244 2870
2202 6872
2202 2203
2202 7784
2203 4492
2203 6730
2203 4044
6300 3396
6300 3582
4258 3812
4258 5650
4258 5786
4259 2406
4259 7736
169 6314
169 6544
170 5802
170 1750
170 538
170 2900
2219 3948
2219 2252
2220 3364
6314 334
6314 1044
6314 3538
6314 7268
4274 6528
6330 4539
6330 4613
6330 7704
2236 4672
2236 5538
4290 5460
4290 2960
199 4914
199 6050
4306 5538
4306 3902
214 5084
214 3522
214 5880
2266 3552
2266 2696
2266 3553
2266 1894
2266 4460
2266 4553
2267 1184
2267 3767
6362 1528
4322 2580
228 5338
2282 3886
2282 7190
6378 3198
6378 4076
6378 6498
4338 1736
4338 2992
4338 4352
4338 4353
244 350
2298 5586
2298 2438
2298 2807
2298 6794
6394 5148
4352 1736
4352 1942
4352 4353
258 874
258 7346
6409 968
6409 3168
2314 2870
6410 318
6410 4762
272 3949
272 1765
272 2946
272 6730
2330 5084
2330 2806
286 2030
286 334
286 5322
4384 5772
4384 6920
4384 5744
6438 3299
6438 4978
6438 2807
6438 3492
6439 628
6439 1796
6439 4806
6439 7158
6439 5570
6439 7062
2346 5924
302 1623
4398 1030
4398 4399
6454 350
6454 2030
2362 720
2362 1956
2362 6842
318 2551
318 5570
318 2961
318 4628
4414 5570
6468 2454
6468 7047
2376 2377
2376 1894
2376 2696
2377 1894
2377 2696
2377 3553
334 7268
4430 3184
4430 5038
4430 7578
6482 3582
2392 1232
2392 1980
2392 920
2392 2915
2392 5244
350 4508
350 5956
350 3596
4446 3299
4446 1640
4446 7158
6498 2870
6498 4076
2407 3428
2407 6634
4460 5008
366 3332
2422 6714
380 4612
380 7378
4476 7094
2438 6778
2438 6544
4492 1942
6544 3348
6544 968
6544 7546
6544 1812
2454 2792
412 1894
412 7330
412 3428
412 1292
4508 614
4508 4994
6558 3476
6558 5802
2470 1450
4524 598
6574 1670
6574 476
2487 1780
2487 4962
2487 6746
2487 3812
2488 4898
2488 6606
2488 2900
4539 7798
4539 7126
4539 5132
4539 7578
4539 7704
444 1780
444 6746
6590 6872
2504 5786
4552 4582
4553 5008
4553 5414
4553 1894
460 1044
460 3213
460 5618
6606 4090
6606 4898
6606 1560
4566 1200
4566 4567
4566 5070
4567 1200
2520 3072
2520 7642
476 5586
476 7424
6620 5744
4582 6650
4582 4853
2536 5196
6634 3428
6634 7546
2550 1058
2550 1796
2550 2807
2550 2914
2551 1106
2551 2961
2551 4853
4598 5802
4598 3476
4598 3260
4598 5988
6650 3072
6650 3460
6650 4854
6650 5024
6650 6762
6650 6810
6650 7362
6650 7498
6650 7594
4612 7190
4613 3858
2566 720
522 7610
6666 5538
2581 3737
2581 3736
2581 5956
4628 2961
4628 5570
4628 4853
6682 552
6682 5070
6682 5956
6682 5972
6682 3260
4642 5910
4642 4643
4643 5910
4643 720
4643 4870
2596 598
2596 3843
552 3199
552 1894
6698 2792
6698 3276
6698 3812
6698 5444
4656 1685
4656 4657
4657 858
4657 1685
4657 5618
4657 7768
566 6714
566 3380
566 752
566 5054
566 5772
2614 3612
2614 5682
2615 984
6714 752
6714 2992
6714 3380
4672 3902
4672 7784
582 6066
2632 4820
2632 5956
6730 3949
6730 7438
4688 3902
598 3843
2648 3088
6746 1780
4704 614
4704 4734
614 4734
6762 4044
4720 3887
4720 4946
2680 5522
2696 1894
2696 3552
2696 5290
6794 4836
6794 5586
4749 3507
4749 3796
4749 874
658 1544
658 1926
2712 5816
4762 3782
4762 4853
4762 5338
4762 7498
674 1246
674 7126
2728 3902
4776 6952
6826 7047
6826 5070
6826 7720
690 4028
690 3766
4790 984
2744 6020
2744 5586
6842 5896
6842 1684
704 3797
4806 968
4806 7158
2760 3444
6856 7610
720 6036
720 2776
4820 4060
4820 5618
4820 1044
2776 6036
2776 3104
2776 5274
6872 2030
6872 5244
6872 5816
6872 7784
736 1246
736 5084
736 5758
4836 1090
752 3380
752 5148
4853 5570
4853 5338
2806 7126
2806 5084
2806 7466
2807 1796
2807 3948
2807 7378
2807 4978
6904 7610
6904 5554
768 5618
2822 920
2822 5384
4870 1998
6920 6020
782 1844
782 5896
4882 1685
4882 4883
2838 7768
6936 2014
797 1246
797 3444
797 5490
4898 1246
4898 1560
4898 4091
4898 5084
2854 5940
812 3752
4914 6050
2870 3506
826 1980
826 5816
4930 3644
4930 2014
2886 2930
6984 2930
842 5522
4946 3887
4946 7174
2900 1860
2900 7046
2901 1750
858 6082
858 5506
2914 3597
4962 7298
4962 3316
7016 5758
7016 1246
7016 5084
874 968
874 3507
874 5400
874 5634
874 5712
4978 3492
4978 7062
4978 5038
4978 5476
888 7078
7032 3690
2946 1482
2946 5712
4994 3332
7046 1860
7046 3858
7047 1544
7047 6020
2960 5460
2960 1828
2961 1544
2961 5570
2961 6020
5008 5414
7062 3583
7062 4028
7062 5650
920 1232
5024 3104
936 7094
936 5260
7094 3660
952 7330
3008 7688
968 1812
968 5100
968 1685
968 3934
7126 1246
7126 5084
7126 7798
5084 1246
5084 5880
998 7158
5100 3934
5100 1200
1014 3316
7174 1812
7174 1200
5132 7578
5132 7798
3088 5696
1044 2046
7190 3582
3104 5274
7206 1122
7206 5274
1090 7798
5196 1844
5196 3506
5196 5896
5196 7530
3152 7768
1138 1292
7284 1560
7284 3260
5244 1979
5244 7784
3199 5772
7298 1576
7298 1592
7298 3316
5260 1482
1184 1528
1184 3767
7330 3428
5290 1894
3244 1700
3244 5848
1200 1812
1200 4012
1200 5522
1200 7626
7346 3843
3260 1466
3260 1751
3260 5802
3260 3522
3260 5490
3260 5940
3260 5956
1216 1700
1216 1639
1216 5728
7362 3460
1246 3444
1246 5490
1246 5491
3297 3298
3297 4012
3298 3299
3298 1844
7394 7736
5354 1356
3316 1576
3316 1592
3316 7610
5370 6130
7424 1956
1292 3380
1308 7498
7452 5802
7452 3476
7466 1751
7482 3582
1340 3506
1340 3492
3396 3582
5444 7610
5460 5666
7514 1528
5476 3492
1402 1910
1402 7642
1402 4044
1402 7704
7546 1828
7546 3980
7562 1640
5522 1828
5522 7626
3476 5802
3476 5988
3492 1608
3506 5634
7610 1592
7610 3706
7610 3812
3522 5802
5586 3948
7642 1910
7642 4044
3552 3553
1512 1736
5618 1910
1528 3767
7674 3706
5634 3596
1544 6020
7688 1812
5650 5786
1560 1750
5696 5848
5696 5956
3660 1684
1622 1623
3674 3843
3674 3675
3675 3782
5728 1639
1655 3736
1655 1765
1655 5848
1684 3964
3736 3737
5802 5988
5816 2030
1736 1942
3797 3949
1764 1765
1780 1979
5896 6020
5896 1844
3858 6050
5910 1998
3873 4028
3886 3980
3886 3887
3887 3980
1910 4044
1979 4044
4060 2046
4090 4091
