0 741
0 1741
0 4764
0 7398
0 1740
0 1564
1 3417
1 6579
1 5311
2050 5869
2050 4858
2050 2890
2050 4418
2050 1344
2050 7242
2051 385
2051 617
2051 6798
2051 7162
2051 496
2051 7630
2051 6988
2051 4016
2051 2366
2051 2826
2051 2732
2051 2810
2051 1946
2051 571
2051 5152
2051 5278
2051 1754
2051 1374
2051 5960
2051 1864
2051 830
2051 4294
2051 2207
2051 3740
2051 3741
2051 3771
2051 3876
2051 5543
2051 6009
2051 6039
6148 233
6148 274
6148 1312
6148 1517
6148 1801
6148 1882
6148 2018
6148 2442
6148 2843
6148 4171
6148 4556
6148 5013
6148 5510
6148 5559
6148 5791
6148 6070
6148 3216
6148 188
6148 1816
6148 1220
6148 4794
6148 6134
6148 7772
6148 5684
6148 6594
6148 6254
6148 7399
6148 7614
6149 877
6149 1079
6149 1313
6149 1865
6149 2099
6149 2525
6149 3029
6149 3305
6149 3587
6149 4633
6149 4903
6149 4983
6149 5121
6149 5961
6149 6103
6149 7163
6149 7211
6149 2621
6149 527
6149 2781
6149 7567
6149 4736
6149 2620
6149 4140
6149 6319
6149 863
6149 2098
6149 1234
6149 2443
6149 1454
6149 876
6149 2540
6149 6767
6149 7195
6149 7413
6149 7441
6149 7455
6149 7757
4110 31
4110 140
4110 156
4110 188
4110 260
4110 586
4110 632
4110 1188
4110 1220
4110 1360
4110 1501
4110 1580
4110 1768
4110 1816
4110 2082
4110 2904
4110 3028
4110 3304
4110 3480
4110 3586
4110 6054
4110 4794
4110 6134
4110 5898
4110 6594
4110 5684
4110 7772
4110 4326
4110 4586
4110 4935
4110 5104
4111 5121
4111 3141
4111 6799
4111 5169
4111 4661
4111 7583
4111 3497
4111 2781
4111 6383
4111 2067
4111 5201
4111 7441
16 481
16 7398
17 1312
17 5013
17 3216
17 3510
17 7162
17 6798
17 4294
17 830
17 7318
17 2732
17 4016
17 2366
17 2826
17 6486
17 4918
17 1516
17 6070
17 6456
17 1898
17 956
17 275
17 800
17 2525
2066 602
2066 1094
2066 1250
2066 1266
2066 1345
2066 1454
2066 5012
2066 6428
2066 3846
2066 7050
2066 4000
2066 6578
2066 3938
2066 4982
2066 4722
2066 1280
2066 4646
2066 862
2066 7272
2066 940
2066 2842
2066 3264
2066 526
2066 6178
2066 6318
2066 3448
2066 2459
2066 2600
2066 3092
2066 3124
2066 3248
2066 4170
2066 4232
2066 4372
2066 7382
2066 7740
2067 617
2067 1361
2067 1817
2067 5543
2067 6009
2067 3771
2067 6799
2067 6383
2067 6039
2067 3787
2067 5201
2067 4049
2067 5169
2067 6989
6165 663
6165 800
6165 1297
6165 3497
6165 3906
6165 3907
6165 4840
6165 4736
6165 7319
6165 4646
6165 7272
6165 862
6165 3938
6165 6578
6165 7050
6165 4000
6165 4032
6165 3044
6165 1784
6165 7646
6165 526
6165 3264
6165 940
6165 7662
6165 6178
6165 3448
6165 2842
6165 7677
4124 63
4124 1281
4124 3013
4124 1062
4124 2584
4124 510
4124 7566
4124 6638
4124 2874
4124 4048
4124 216
4124 2192
4124 3616
4124 5852
4124 6908
4124 7005
4124 908
4124 31
4124 756
4124 6622
4124 7426
4125 2980
30 1848
30 5342
30 92
30 5746
30 6366
30 1704
30 417
30 2002
30 7708
30 3770
30 7130
30 6766
30 724
30 5088
30 6208
30 1078
30 2492
30 2964
30 7302
30 6102
30 924
30 1094
30 1329
30 2128
30 2160
30 2493
30 2554
30 2600
30 2858
30 3060
30 3092
30 3124
30 3336
30 3526
30 4154
30 4262
30 4632
30 4676
30 4708
30 4778
30 5168
30 5184
30 5185
30 5326
30 5494
30 5542
30 5622
30 5976
30 6238
30 6382
30 6412
30 6622
30 6860
30 6876
30 7021
30 7114
30 7146
30 7286
30 7303
30 7412
30 7454
30 7550
30 7740
30 7756
31 3891
31 3496
31 586
31 5013
31 1580
31 1516
31 3510
31 6456
31 1816
31 1220
31 4794
31 6134
31 6054
31 3890
31 6860
31 4326
31 156
31 260
31 4660
31 786
31 815
31 1281
31 1297
31 1485
31 2161
31 3527
31 4373
31 4542
31 4693
31 5279
31 6209
31 6487
31 6893
31 7426
31 7614
2082 497
2082 1158
2082 2584
2082 384
2082 1517
2082 5042
2082 3891
2082 924
2082 2192
2082 2668
2082 4692
2082 6382
2082 6054
2082 4326
2082 156
2082 260
2082 1580
2082 3890
2082 2733
2082 3480
2082 2427
2082 2474
2082 2859
2082 3862
2082 5294
2082 5638
2082 6135
2083 893
2083 3203
2083 4388
2083 6270
6178 189
6178 400
6178 526
6178 862
6178 940
6178 957
6178 1784
6178 2129
6178 2700
6178 2842
6178 3044
6178 3264
6178 3448
6178 3586
6178 3616
6178 3846
6178 3938
6178 4032
6178 4233
6178 4295
6178 4646
6178 4661
6178 4736
6178 4840
6178 5012
6178 5200
6178 5575
6178 5790
6178 6071
6178 7662
6178 6318
6178 6578
6178 7646
6178 7272
6178 4000
6178 6254
6178 6654
6178 7020
6178 7036
6178 7037
6178 7051
6178 7099
6178 7115
6178 7350
6178 7366
6178 7502
6178 7551
6179 1019
6179 2367
6179 3617
6179 4249
6179 4903
6179 5121
6179 5671
6179 3449
6179 4001
6179 973
6179 6103
6179 7211
6179 2099
6179 7583
6179 1189
6179 6941
44 2980
44 3189
44 5869
44 1344
44 1931
44 5072
44 3188
44 6831
44 5912
45 63
45 757
45 3665
4140 527
4140 587
4140 708
4140 876
4140 972
4140 1234
4140 1626
4140 2098
4140 2540
4140 2620
4140 2621
4140 2780
4140 3968
4140 7582
4140 7692
4140 6750
4140 5327
4140 4450
4140 6302
4140 6702
4140 7066
4140 1204
4140 4451
4140 4529
4140 4983
4140 5606
4140 5685
4140 5961
4140 6319
4140 6892
4141 157
4141 217
4141 511
4141 541
4141 863
4141 941
4141 1079
4141 1725
4141 1769
4141 1883
4141 2003
4141 2193
4141 2443
4141 2525
4141 2601
4141 2781
4141 3141
4141 3449
4141 3617
4141 3649
4141 4033
4141 7051
4141 4295
4141 6595
4141 7067
4141 7583
4141 7319
4141 4736
4141 5733
4141 1501
4141 6909
4141 4497
4141 4661
4141 4779
4141 5201
4141 5481
4141 5511
4141 5671
4141 5899
4141 5913
4141 6009
4141 6239
4141 6671
4141 6687
4141 7567
4141 7599
4141 7647
2098 385
2098 400
2098 416
2098 527
2098 708
2098 876
2098 877
2098 972
2098 1204
2098 1296
2098 1313
2098 1406
2098 1626
2098 1627
2098 1914
2098 1930
2098 2034
2098 1234
2098 5327
2098 4450
2098 2540
2098 6702
2098 3968
2098 6302
2098 2620
2098 7066
2098 7098
2098 6008
2098 6734
2098 7692
2098 6750
2098 7582
2098 2302
2098 2380
2098 2621
2098 2780
2098 2934
2098 3156
2098 3188
2098 3368
2098 3496
2098 3832
2098 4080
2098 4372
2098 4464
2098 4497
2098 4529
2098 4557
2098 4967
2098 4983
2098 5200
2098 5232
2098 5373
2098 5402
2098 5416
2098 5448
2098 5606
2098 5747
2098 5868
2098 5912
2098 5928
2098 6457
2098 6892
2098 7037
2098 7210
2098 7350
2098 7598
2099 125
2099 275
2099 511
2099 587
2099 801
2099 941
2099 973
2099 1627
2099 1725
2099 1865
2099 2019
2099 7211
2099 6103
2099 2781
2099 6909
2099 4557
2099 4033
2099 2601
2099 2621
2099 6595
2099 5685
2099 863
2099 5733
2099 527
2099 4736
2099 2193
2099 2443
2099 2827
2099 3305
2099 3587
2099 4451
2099 4497
2099 4633
2099 4967
2099 5121
2099 5343
2099 5747
2099 5913
2099 6239
2099 6319
2099 6457
2099 6767
2099 7067
2099 7099
2099 7163
2099 7195
2099 7413
2099 7455
2099 7519
2099 7567
2099 7583
2099 7757
6194 3953
6194 2475
6194 6443
6194 4950
6194 909
6194 4778
6195 6563
6195 541
4154 1329
4154 1470
4154 1484
4154 2493
4154 2684
4154 2700
4154 3060
4154 3336
4154 6876
4154 5746
4154 417
4154 5542
4154 7146
4154 2858
4154 1704
4154 4708
4154 1848
4154 2002
4154 4632
4154 2554
4154 4262
4154 6366
4154 5342
4154 92
4154 5326
4154 5622
4154 5168
4154 6622
4154 6751
4154 6860
4154 6893
4154 6940
4154 7226
4154 7303
4154 7454
4154 7786
4155 1849
4155 4750
4155 4778
62 2206
63 3173
63 1281
63 7677
63 78
63 5591
63 6118
63 6487
63 7725
6208 92
6208 417
6208 570
6208 724
6208 1078
6208 1612
6208 1704
6208 1848
6208 2002
6208 2492
6208 2964
6208 3526
6208 3770
6208 5088
6208 5184
6208 5185
6208 5326
6208 5342
6208 5494
6208 5746
6208 5976
6208 6102
6208 7302
6208 6766
6208 7130
6208 6366
6208 6238
6208 6844
6208 7114
6208 7286
6208 7550
6208 7708
6208 7756
6209 93
6209 449
6209 815
6209 1297
6209 1899
6209 2161
6209 4542
6209 5279
6209 5821
6209 7741
6209 3496
6209 6860
2114 4764
2114 7256
2114 2115
2114 5153
4170 602
4170 1266
4170 1454
4170 3248
4170 4310
4170 4918
4170 6486
4170 908
4170 7005
4170 6908
4170 7566
4170 2874
4170 216
4170 4048
4170 6638
4170 4294
4170 830
4170 7318
4170 7740
4170 496
4170 7630
4170 1754
4170 5389
4170 6039
4170 6686
4170 6783
4170 7382
4170 7631
4171 233
4171 274
4171 1517
4171 1801
4171 1882
4171 2018
4171 2442
4171 2843
4171 4556
4171 5510
4171 3216
4171 5013
4171 6070
4171 3616
4171 4794
4171 1816
4171 6134
4171 1220
4171 188
4171 5898
4171 6054
4171 5559
4171 5791
4171 7614
78 757
78 1158
78 5821
78 3497
78 3586
78 1281
78 4661
78 2319
78 3907
78 79
78 2951
78 7663
79 2980
79 4342
79 4481
79 2319
79 2981
2128 1126
2128 1329
2128 1455
2128 2858
2128 1704
2128 5494
2128 5184
2128 6238
2128 5326
2128 4708
2128 7550
2128 417
2128 5746
2128 1848
2128 5185
2128 6366
2128 7146
2128 2002
2128 7708
2128 4632
2128 92
2128 5342
2128 2493
2128 2827
2128 2935
2128 3141
2128 4661
2128 4779
2128 5913
2128 6071
2128 6367
2128 6382
2128 6429
2128 6703
2128 6845
2128 7021
2128 7099
2128 7147
2128 7195
2128 7273
2128 7412
2128 7599
2129 6654
2129 6470
2129 4232
2129 5389
2129 602
2129 2684
2129 232
2129 1768
2129 7551
2129 3141
2129 3264
2129 940
6222 1485
6222 6223
6222 1455
6222 5655
6223 5655
6223 1455
4186 1344
4186 1548
4186 4187
4186 2811
4186 4081
4186 1471
4186 2764
4187 2811
4187 3432
4187 1422
4187 5639
4187 1675
92 5342
92 6366
92 1848
92 417
92 5746
92 2002
92 5088
92 724
92 2492
92 7302
92 1078
92 2964
92 6102
92 7130
92 3770
92 6766
92 1704
92 7708
92 2554
92 2858
92 3060
92 3336
92 4262
92 4676
92 4708
92 4778
92 5168
92 5326
92 5542
92 5622
92 5976
92 6382
92 6412
92 6876
92 7021
92 7114
92 7303
92 7412
92 7454
92 7756
93 7741
93 2161
93 1297
93 4017
93 3496
93 4542
93 6860
6238 417
6238 678
6238 724
6238 1078
6238 1329
6238 1704
6238 1832
6238 1848
6238 2002
6238 2492
6238 2858
6238 2964
6238 3336
6238 4262
6238 4632
6238 4708
6238 4778
6238 5088
6238 5185
6238 5326
6238 5746
6238 6102
6238 5494
6238 5184
6238 7550
6238 6366
6238 7302
6238 6412
6238 6876
6238 7021
6238 7146
6238 7226
6238 7286
6238 7412
6238 7454
6238 7756
6239 877
6239 2950
6239 3029
6239 7051
6239 2781
6239 6909
6239 6639
6239 4295
6239 217
6239 863
6239 4033
6239 2601
6239 941
6239 4736
6239 587
6239 5685
6239 5733
6239 7319
6239 1725
6239 3044
6239 6457
2144 1439
2144 3400
2144 4327
2144 4480
2144 3401
2144 1438
2144 4481
2144 2749
2144 2918
2145 7470
4202 4418
4202 7470
4202 401
4202 2890
4202 4419
4202 7471
4203 1987
4203 4603
108 368
108 2411
109 1281
109 2367
109 1361
6254 2019
6254 5013
6254 1312
6254 3216
6254 3510
6254 3264
6254 940
6254 7662
6254 5790
6254 526
6254 3448
6254 2842
6254 6318
6254 4918
6254 6486
6254 3846
6254 1801
6254 7162
6254 6798
6255 4094
6255 555
6255 2636
6255 3401
2160 290
2160 384
2160 570
2160 924
2160 1094
2160 1158
2160 1345
2160 1612
2160 1832
2160 6844
2160 2554
2160 5622
2160 7740
2160 5542
2160 3092
2160 3124
2160 2600
2160 124
2160 4632
2160 5746
2160 7130
2160 6766
2160 3770
2160 2684
2160 2700
2160 3029
2160 3526
2160 6751
2160 7741
2161 1142
2161 3496
2161 7741
2161 6893
2161 6860
2161 1297
2161 5279
2161 3953
2161 4647
2161 4542
4218 2240
4218 5058
4219 2764
124 1946
124 1864
124 5152
124 5278
124 571
124 1754
124 5960
124 1374
124 2810
124 1898
124 814
124 1328
124 5388
124 3232
124 956
124 5732
124 1390
124 6670
124 5760
124 3786
124 7382
125 5121
125 2781
125 6595
125 2443
125 1725
125 1189
125 7067
125 4033
125 2601
125 941
125 4840
125 7583
125 5201
125 7163
125 7211
125 5913
125 217
125 4049
6270 4388
6270 2980
6271 3157
6271 1019
2176 4997
2176 5416
4232 232
4232 540
4232 602
4232 770
4232 986
4232 1110
4232 1250
4232 1251
4232 1768
4232 2396
4232 2700
4232 2950
4232 3140
4232 3280
4232 3352
4232 3648
4232 6782
4232 7630
4232 496
4232 2874
4232 216
4232 4048
4232 6638
4232 7566
4232 4935
4232 3616
4232 2826
4232 2732
4232 2366
4232 4016
4232 6908
4232 7005
4232 908
4232 4233
4232 4825
4232 5026
4232 5104
4232 5389
4232 5590
4232 6654
4232 6783
4232 6924
4232 6941
4232 7020
4232 7382
4232 7631
4232 7677
4233 540
4233 232
4233 3648
4233 5590
4233 986
4233 1500
4233 770
4233 7020
4233 3140
4233 2700
4233 2396
4233 526
4233 3264
4233 2842
4233 6318
4233 7662
4233 5790
4233 6925
140 7772
140 3028
140 632
140 3304
140 6594
140 1360
140 5898
140 1816
140 1220
140 4794
140 6134
140 586
140 156
140 260
140 4326
140 3216
140 6070
140 1390
140 188
140 232
140 1251
140 1580
140 1768
140 2904
140 3510
140 5013
140 5684
140 6054
140 6639
140 7724
141 4887
141 2397
6286 173
6286 1406
6286 2302
6286 2303
6286 2458
6286 2875
6286 3156
6286 5232
6286 5432
6286 5774
6286 5852
6286 7178
6286 6972
6286 6956
6286 7098
6286 7210
6286 5200
6286 708
6286 1914
6286 6008
6286 3832
6286 6702
2192 306
2192 1062
2192 1158
2192 1485
2192 2668
2192 4048
2192 6638
2192 2874
2192 7566
2192 216
2192 908
2192 7005
2192 6908
2192 7630
2192 496
2192 756
2192 5960
2192 2810
2192 571
2192 1864
2192 5152
2192 1374
2192 1946
2192 5278
2192 2459
2192 2524
2192 2950
2192 3352
2192 4808
2192 6622
2192 6924
2193 217
2193 771
2193 941
2193 1725
2193 2781
2193 6595
2193 2601
2193 4033
2193 7067
2193 863
2193 7583
2193 7211
2193 5733
2193 2443
2193 7051
2193 6103
2193 6038
2193 2621
2193 2827
2193 3649
2193 4311
2193 5961
2193 6367
2193 7647
4248 5526
4249 2367
4249 3632
4249 1833
4249 7334
156 260
156 6054
156 1580
156 586
156 1220
156 1816
156 4794
156 6134
156 5898
156 188
156 6594
156 1360
156 3304
156 5684
156 3028
156 7772
156 632
156 1188
156 1501
156 1768
156 2904
156 3480
156 3586
156 3665
156 4326
156 4586
156 4935
156 5104
157 7051
157 863
157 4295
157 941
157 4033
157 2601
157 1725
157 7583
157 7067
157 6639
157 7319
157 2443
157 7272
157 862
157 4646
157 217
157 4032
157 3044
157 7646
157 541
157 877
157 909
157 1079
157 1142
157 1313
157 1455
157 1613
157 1883
157 2003
157 2381
157 2525
157 2935
157 3617
157 4587
157 4661
157 4903
157 4983
157 5027
157 5121
157 5511
157 6009
157 6413
157 6845
157 7455
157 7567
157 7599
2206 2475
2206 385
2206 2541
2206 3203
2207 2035
2207 2351
2207 6719
2207 4824
2207 3876
6302 527
6302 708
6302 876
6302 972
6302 1204
6302 1234
6302 1296
6302 1313
6302 1626
6302 1755
6302 1914
6302 2034
6302 2303
6302 2380
6302 2540
6302 2620
6302 2621
6302 2653
6302 2780
6302 3832
6302 3968
6302 4080
6302 4403
6302 4450
6302 4451
6302 4497
6302 4529
6302 4557
6302 4967
6302 4983
6302 5327
6302 5402
6302 5448
6302 5480
6302 5606
6302 5747
6302 5912
6302 6008
6302 6702
6302 7066
6302 6750
6302 7692
6302 7582
6302 3044
6302 6734
6302 6892
6302 6909
6302 7037
6302 7098
6302 7350
6302 7598
6303 464
6303 1800
6303 3433
6303 4764
6303 5977
6303 7398
6303 831
6303 6861
6303 7256
4262 3060
4262 7708
4262 5746
4262 1704
4262 5342
4262 417
4262 2002
4262 6766
4262 3770
4262 7130
4262 1848
4262 2858
4262 4708
4262 6366
4262 5326
4262 5494
4262 5184
4262 5575
4262 6622
4262 6860
4262 6940
4262 7740
4263 3125
4263 3833
4263 4647
4263 4356
4263 5559
4263 6367
4263 5104
4263 1471
4263 7725
172 5042
172 1517
172 2584
172 4692
172 7676
172 924
172 1724
172 7114
172 2396
172 2524
172 3216
172 384
172 6070
172 6798
172 7162
172 3028
172 632
172 2859
173 6956
173 6972
173 3156
173 1406
173 2302
173 5432
173 5232
173 1930
173 5774
173 7178
173 4403
173 7502
173 6516
173 2904
173 4676
173 2875
173 4528
173 7303
173 2653
6318 526
6318 862
6318 940
6318 957
6318 1784
6318 2700
6318 2842
6318 3029
6318 3044
6318 3264
6318 3448
6318 3586
6318 3846
6318 3938
6318 4000
6318 4032
6318 4295
6318 4646
6318 4661
6318 4736
6318 4840
6318 5012
6318 5200
6318 5511
6318 5575
6318 5790
6318 6038
6318 6071
6318 7662
6318 6578
6318 7646
6318 7272
6318 6654
6318 7020
6318 7036
6318 7037
6318 7050
6318 7051
6318 7099
6318 7115
6318 7319
6318 7350
6318 7366
6318 7502
6318 7551
6318 7599
6318 7677
6319 587
6319 877
6319 1189
6319 1313
6319 1627
6319 1833
6319 2019
6319 3305
6319 3587
6319 3649
6319 3847
6319 4451
6319 5543
6319 5685
6319 5733
6319 6909
6319 217
6319 7319
6319 4736
6319 7067
6319 4033
6319 941
6319 2601
6319 7211
6319 863
6319 2621
6319 7567
6319 2620
6319 6457
6319 6579
6319 6767
6319 7147
6319 7163
6319 7351
6319 7455
6319 7741
2224 1047
2224 2765
2224 3757
2224 6546
2224 2475
2225 1564
2225 4677
2225 3202
2225 6396
4278 1689
188 6070
188 4326
188 260
188 6054
188 3216
188 6134
188 1220
188 4794
188 1816
188 3304
188 5684
188 7772
188 3028
188 6594
188 1360
188 632
188 1580
188 274
188 1801
188 1882
188 2018
188 2442
188 2843
188 4556
188 4586
188 5013
188 5104
188 5510
188 6639
188 7399
189 5899
189 2981
189 4996
189 5416
189 3847
189 3108
189 4000
189 7050
189 7272
189 4646
189 862
189 3938
189 6578
189 7662
189 3448
189 940
189 3264
189 2842
189 616
189 1296
189 2980
189 2997
189 3694
189 4342
189 4343
189 4434
189 4997
189 5804
189 6470
189 7773
6334 433
6334 646
6334 1172
6334 6831
6335 6351
2240 7082
2240 5928
2240 401
2241 6397
4294 830
4294 1312
4294 4918
4294 6486
4294 7630
4294 496
4294 5960
4294 5278
4294 1754
4294 1374
4294 1946
4294 1864
4294 5152
4294 2810
4294 571
4294 1898
4294 6670
4294 5760
4294 1390
4294 5388
4294 4310
4294 6039
4294 6070
4294 6686
4294 6783
4294 7318
4294 7631
4295 511
4295 541
4295 941
4295 1079
4295 1126
4295 1501
4295 1725
4295 1769
4295 1883
4295 2601
4295 2781
4295 3141
4295 3449
4295 3617
4295 3787
4295 4033
4295 4049
4295 7051
4295 6639
4295 3616
4295 863
4295 940
4295 3264
4295 526
4295 5790
4295 3448
4295 7662
4295 2842
4295 3846
4295 3216
4295 4587
4295 4661
4295 4709
4295 4779
4295 5169
4295 5201
4295 5791
4295 6009
4295 6039
4295 6595
4295 6671
4295 6687
4295 6783
4295 6845
4295 7273
4295 7502
4295 7583
4295 7599
4295 7647
202 6086
202 1063
202 4737
203 7037
203 3188
203 1930
203 6892
203 4403
6350 2334
6350 3573
6350 323
6351 323
6351 1033
6351 2509
6351 3542
6351 7535
2256 3542
2256 4587
2257 1391
2257 5136
2257 5574
4310 233
4310 602
4310 1312
4310 1454
4310 3248
4310 6428
4310 7318
4310 830
4310 6486
4310 4918
4310 1946
4310 1864
4310 1754
4310 5278
4310 571
4310 5152
4310 1374
4310 2810
4310 5960
4310 4496
4310 6070
4310 5389
4310 5559
4310 5791
4310 6039
4310 6686
4310 6783
4310 6924
4310 7382
4310 7399
4310 7440
4310 7631
4311 1159
4311 3076
4311 3248
4311 3249
4311 4081
4311 7647
4311 5559
4311 2827
4311 5201
4311 1501
4311 5791
216 2874
216 4048
216 7566
216 908
216 7005
216 6908
216 496
216 7630
216 6486
216 4918
216 756
216 3616
216 571
216 1946
216 1754
216 5278
216 1864
216 1374
216 2810
216 306
216 1345
216 2584
216 2668
216 3352
216 4496
216 4676
216 4825
216 5200
216 5432
216 6638
216 6654
216 6686
216 7115
216 7194
216 7518
217 7067
217 941
217 4033
217 2601
217 863
217 2443
217 6595
217 2781
217 1725
217 3649
217 5733
217 2003
217 7583
217 7051
217 6909
217 587
217 5685
217 511
217 541
217 679
217 771
217 1189
217 1455
217 1833
217 1865
217 1883
217 2019
217 3305
217 3449
217 3617
217 5201
217 5671
217 5899
217 5961
217 6103
217 7163
217 7647
217 7773
2270 1266
2270 7382
2270 1785
2271 646
2271 1899
6366 417
6366 724
6366 1078
6366 1329
6366 1704
6366 1848
6366 2002
6366 2492
6366 2493
6366 2554
6366 2858
6366 2964
6366 3060
6366 3336
6366 3770
6366 4708
6366 4778
6366 5088
6366 5168
6366 5184
6366 5185
6366 5326
6366 5342
6366 5494
6366 5542
6366 5622
6366 5746
6366 5976
6366 6102
6366 7302
6366 6382
6366 6412
6366 6766
6366 6876
6366 7021
6366 7114
6366 7130
6366 7226
6366 7286
6366 7303
6366 7412
6366 7454
6366 7550
6366 7708
6366 7756
6367 1471
6367 2827
6367 3045
6367 4356
6367 5559
6367 6071
6367 6860
6367 5185
6367 3891
6367 2493
6367 678
6367 5326
6367 7146
6367 7412
6367 5013
6367 2858
6367 417
6367 4033
6367 941
6367 2601
6367 7550
6367 7366
4326 586
4326 632
4326 1220
4326 1360
4326 1501
4326 1580
4326 1768
4326 1816
4326 2904
4326 3028
4326 3304
4326 3586
4326 260
4326 6054
4326 4794
4326 6134
4326 5898
4326 6594
4326 5684
4326 7772
4326 4586
4326 4935
4326 5104
4326 6941
4327 4481
232 540
232 986
232 5590
232 3648
232 1768
232 1500
232 2396
232 586
232 5898
232 1360
232 6594
232 3028
232 3304
232 7772
232 5684
232 632
232 6456
232 5558
232 770
232 1613
232 1755
232 1914
232 2700
232 2934
232 3140
232 3280
232 3352
232 3665
232 3771
232 4825
232 5026
232 5104
232 5389
232 6783
232 6925
232 7020
232 7614
232 7677
233 709
233 5013
233 7399
233 4661
233 1801
233 5791
233 5510
233 2018
233 4556
233 2843
233 1882
233 2442
233 274
233 1312
233 3216
2286 4903
2286 2287
2286 6973
2287 4903
2287 679
6382 617
6382 801
6382 1755
6382 3985
6382 5294
6382 5543
6382 6135
6382 5185
6382 417
6382 5326
6382 2858
6382 1848
6382 7550
6382 7708
6382 5746
6382 1704
6382 5342
6382 7146
6382 7130
6382 3770
6382 6766
6382 5184
6382 6383
6382 7503
6383 725
6383 801
6383 1817
6383 2733
6383 4049
6383 5169
6383 7503
6383 6799
6383 5121
6383 7099
6383 5543
6383 6860
6383 6687
6383 6009
6383 7413
6383 7163
6383 6039
6383 6989
246 5607
246 291
246 307
246 1564
246 4677
246 5884
246 6396
246 6502
247 6503
4342 1658
4342 2980
4342 2981
4342 3108
4342 3384
4342 3694
4342 4996
4342 4343
4342 4997
4342 7210
4342 5416
4342 4481
4342 4858
4342 5804
4342 6470
4343 616
4343 1658
4343 2981
4343 3109
4343 3847
4343 4996
4343 3108
4343 5416
4343 5899
4343 4751
4343 5217
6396 5884
6396 5232
6396 1564
6397 7082
6397 4603
2302 740
2302 1406
2302 7178
2302 5774
2302 5232
2302 2875
2302 6956
2302 6972
2302 5432
2302 7210
2302 1930
2302 4403
2302 5327
2302 6702
2302 7066
2302 1234
2302 6892
2302 2303
2302 2458
2302 3156
2302 3320
2302 5852
2302 6516
2303 400
2303 416
2303 1548
2303 6956
2303 6972
2303 5232
2303 2875
2303 5432
2303 511
2303 3156
2303 1406
2303 5774
2303 7178
2303 5852
2303 510
2303 2700
2303 7350
2303 3320
2303 4464
2303 4465
2303 5853
2303 5868
2303 5869
260 6054
260 1580
260 586
260 1220
260 1816
260 4794
260 6134
260 5898
260 6594
260 1360
260 3304
260 5684
260 3028
260 7772
260 632
260 1501
260 1768
260 2904
260 3586
260 4586
260 4935
260 5104
261 3233
261 7037
261 6925
261 3923
4356 2474
4356 2585
4356 3045
4356 3572
4356 3833
4356 5104
4356 4647
4356 6608
4356 5836
4357 2474
4357 6071
4357 3833
4357 4616
4357 2585
4357 5639
4357 3572
4357 1769
6412 1391
6412 417
6412 5326
6412 5185
6412 5746
6412 2002
6412 7550
6412 1848
6412 2858
6412 5494
6412 5184
6412 1704
6412 7708
6412 5342
6412 4708
6412 1078
6412 6102
6412 6413
6413 725
6413 4661
6413 741
6413 957
6413 7567
6413 4983
6413 7551
2318 306
2318 510
2318 1188
2318 1345
2318 1516
2318 1960
2318 4660
2318 6456
2318 5278
2318 571
2318 1864
2318 1946
2318 1374
2318 2810
2318 5960
2318 1754
2318 5152
2318 3816
2318 5820
2318 5248
2318 5120
2318 4016
2318 2826
2318 2652
2318 2653
2318 3248
2318 3352
2318 3480
2318 3510
2318 3891
2318 4825
2318 4902
2318 4966
2318 5558
2318 6924
2319 7663
274 2843
274 4556
274 2442
274 1882
274 5510
274 1801
274 3216
274 5013
274 6070
274 3616
274 4794
274 1816
274 6134
274 1220
274 5898
274 6054
274 1517
274 2018
274 5559
274 5791
274 7614
275 5791
275 5121
275 6103
275 2781
275 7211
275 6639
275 5201
275 7583
275 7067
275 1865
275 2443
275 2003
275 6595
275 7399
4372 2716
4372 3265
4372 4902
4372 5747
4372 4825
4372 3510
4372 6456
4372 6798
4372 7162
4372 3890
4372 2732
4372 4016
4372 2366
4372 2826
4372 1516
4372 1234
4372 6702
4372 7066
4372 3786
4372 4934
4372 4373
4372 5294
4372 6671
4372 7486
4373 663
4373 1032
4373 1375
4373 4017
4373 3771
4373 7518
4373 4902
4373 6655
4373 3265
6428 1062
6428 1266
6428 1454
6428 2459
6428 3248
6428 5732
6428 1898
6428 814
6428 1390
6428 5760
6428 956
6428 3232
6428 5388
6428 1328
6428 6670
6428 2732
6428 4016
6428 2366
6428 2826
6428 7162
6428 6798
6428 1864
6428 1374
6428 1946
6428 5278
6428 6608
6428 6783
6428 6924
6428 7631
6429 5623
6429 7519
6429 957
6429 7051
6429 6845
6429 3029
6429 4557
6429 3045
2334 3125
2335 1033
2335 3280
2335 1471
2335 6783
2335 6892
290 5542
290 5622
290 2554
290 4632
290 384
290 1612
290 570
290 6844
290 3060
290 7146
290 1832
290 2002
290 678
290 924
290 5746
290 7740
290 417
290 3352
291 307
291 2555
4388 2980
4388 5417
4388 1361
4388 7426
4388 3633
6442 5852
6442 5373
6442 3013
6442 7502
6442 5232
6442 6956
6442 6972
6442 5432
6442 1344
6442 1930
6442 3189
6442 5448
6442 2380
6443 3203
6443 4403
6443 5775
6443 1930
6443 2034
6443 3449
6443 4001
6443 6830
2350 2764
2350 5639
2350 4617
2350 7257
2351 4824
2351 6719
2351 5639
306 2668
306 586
306 3510
306 510
306 5558
306 4660
306 7005
306 908
306 6908
306 1516
306 3616
306 6134
306 1220
306 4794
306 1816
306 5898
306 7566
307 2555
307 6103
307 5607
4403 416
4403 692
4403 740
4403 1313
4403 1344
4403 1406
4403 1930
4403 1931
4403 2458
4403 2748
4403 2875
4403 3156
4403 3188
4403 3189
4403 3203
4403 3922
4403 4557
4403 6892
4403 6702
4403 6008
4403 7066
4403 5327
4403 4464
4403 4465
4403 5232
4403 5373
4403 5448
4403 5775
4403 5868
4403 5869
4403 6516
4403 6830
4403 6956
4403 6972
6456 510
6456 1296
6456 1345
6456 1516
6456 1755
6456 2653
6456 3786
6456 3890
6456 3891
6456 4660
6456 4825
6456 4902
6456 4934
6456 4966
6456 4983
6456 5558
6456 6562
6456 6798
6456 7162
6456 2366
6456 2732
6456 4016
6456 2826
6456 6988
6456 5278
6456 1946
6456 5152
6456 571
6456 1374
6456 6654
6456 6893
6456 6941
6456 7115
6456 7440
6457 4903
6457 5853
6457 5733
6457 6909
6457 5685
6457 587
6457 6639
6457 7319
6457 863
6457 2621
6457 1234
6457 7066
6457 5327
6457 527
6457 2601
6457 941
6457 4033
6457 7051
2366 496
2366 800
2366 814
2366 956
2366 1002
2366 1188
2366 1312
2366 1328
2366 1390
2366 1516
2366 1898
2366 1960
2366 2826
2366 4016
2366 2732
2366 7162
2366 6798
2366 7630
2366 5760
2366 5732
2366 3232
2366 5388
2366 6670
2366 3786
2366 4934
2366 3480
2366 3496
2366 3510
2366 3816
2366 3890
2366 3891
2366 4902
2366 4935
2366 4966
2366 5120
2366 5248
2366 5670
2366 5820
2366 6562
2366 6608
2366 6782
2366 6988
2366 7598
2367 1019
2367 4903
2367 6799
2367 5121
2367 5201
322 4886
322 1987
4418 4419
4418 7470
4418 7471
4418 5464
4418 3557
4418 5232
4419 646
4419 7470
4419 7471
6470 4951
6470 5089
6470 5761
6470 4434
6470 4996
6470 5416
6471 5417
6471 3694
2380 433
2380 6892
2380 7066
2380 7098
2380 708
2380 1234
2380 6702
2380 6008
2380 5327
2380 5200
2380 6734
2380 1204
2380 5912
2380 3968
2380 4967
2380 7210
2380 2540
2380 4450
2380 876
2380 2748
2380 3189
2380 3368
2380 5373
2380 5448
2380 6973
2381 1439
2381 2636
2381 3401
2381 3400
2381 554
2381 1438
2381 1079
2381 4795
338 339
338 449
338 2035
339 449
339 4723
339 541
4434 1361
4434 3369
4434 3384
4434 4049
4434 4996
4434 5058
4435 5574
6486 400
6486 830
6486 908
6486 2874
6486 4048
6486 5575
6486 6039
6486 4918
6486 7318
6486 7566
6486 6638
6486 7005
6486 6908
6486 496
6486 7630
6486 756
6486 1754
6486 1374
6486 5152
6486 571
6486 1946
6486 6686
6486 6783
6486 7194
6487 5279
6487 3496
2396 540
2396 602
2396 986
2396 1250
2396 1251
2396 1768
2396 6782
2396 4935
2396 1328
2396 5760
2396 3232
2396 1390
2396 5388
2396 5732
2396 1898
2396 814
2396 956
2396 6670
2396 3786
2396 6562
2396 4934
2396 6594
2396 3304
2396 3028
2396 2459
2396 2934
2396 4808
2396 5027
2396 6783
2396 7382
2396 7631
2397 633
2397 4887
354 2458
354 3280
354 355
355 2458
355 3280
4450 708
4450 972
4450 1204
4450 1234
4450 1626
4450 1724
4450 2620
4450 2621
4450 2934
4450 3108
4450 3188
4450 3968
4450 876
4450 2540
4450 5327
4450 6702
4450 6734
4450 7066
4450 7582
4450 7692
4450 6750
4450 7210
4450 6008
4450 4529
4450 4983
4450 5606
4450 5912
4450 5928
4450 6892
4450 7598
4451 2780
4451 2621
4451 2620
4451 527
4451 5685
4451 587
4451 7211
4451 7582
4451 7692
4451 972
4451 6750
4451 3968
4451 6909
4451 3832
4451 5327
4451 1865
6502 5249
6503 1987
2410 368
2411 3093
2411 368
2411 2764
369 4750
369 2035
4464 416
4464 1143
4464 1344
4464 3320
4464 5868
4464 4465
4464 5869
4464 4966
4464 3188
4464 1313
4464 400
4464 1930
4464 5373
4464 5232
4464 909
4464 1234
4464 7243
4465 416
4465 1344
4465 5868
4465 5869
4465 400
4465 5448
4465 4966
4465 5373
4465 909
4465 3188
4465 7502
4465 5232
4465 1930
4465 1313
4465 1345
6516 4528
6516 4750
6516 4778
6516 3156
6516 1406
6516 7036
6516 7303
6516 6956
6516 6972
6516 5232
6516 2904
6516 6517
6517 2669
6517 4750
2426 5433
2426 3923
2427 2919
2427 2918
2427 5169
2427 5121
2427 7399
2427 2904
2427 6860
2427 957
2427 3890
2427 3586
2427 6054
2427 1580
384 924
384 2584
384 7676
384 7114
384 5542
384 5622
384 4632
384 2554
384 7740
384 1094
384 3124
384 3092
384 2600
384 5746
384 6844
384 1612
384 570
384 7146
384 417
384 1470
384 1484
384 1485
384 1517
384 2859
384 4602
384 5511
384 6703
384 6940
384 7226
384 7366
385 7036
385 6702
385 1234
385 5327
385 1204
385 6734
385 6008
385 7210
385 5200
385 3968
385 7098
385 708
385 7162
385 6798
385 6735
385 6830
385 7004
4480 554
4480 1438
4480 1439
4480 1931
4480 2685
4480 2749
4480 3400
4480 3481
4480 3573
4480 4080
4480 7066
4480 6957
4481 2980
4481 5089
4481 1439
4481 3400
4481 3694
6532 433
6532 2509
6532 7535
6533 5372
6533 1741
6533 3417
2442 1517
2442 1801
2442 1882
2442 2018
2442 2843
2442 4556
2442 5510
2442 3216
2442 5013
2442 6070
2442 3616
2442 4794
2442 1816
2442 6134
2442 1220
2442 5898
2442 6054
2442 5559
2442 5791
2442 7614
2443 941
2443 973
2443 1189
2443 1725
2443 1833
2443 2003
2443 2019
2443 7067
2443 6595
2443 2781
2443 7583
2443 2601
2443 4033
2443 863
2443 7211
2443 7051
2443 6103
2443 1865
2443 4736
2443 2935
2443 3141
2443 3617
2443 3649
2443 5121
2443 5201
2443 5913
2443 7163
2443 7413
2443 7647
2443 7693
400 2700
400 5575
400 7098
400 7020
400 5200
400 3846
400 4918
400 5232
400 527
400 1234
400 3264
400 940
400 2842
400 7662
400 5790
400 526
400 416
400 909
400 2951
400 5853
400 5868
401 5526
401 2034
401 7676
401 5928
401 1724
401 2890
401 5654
401 6830
4496 1062
4496 1266
4496 2459
4496 2684
4496 3248
4496 7005
4496 908
4496 6908
4496 6924
4496 7566
4496 6638
4496 2874
4496 4048
4496 5278
4496 571
4496 5152
4496 5960
4496 1754
4496 1864
4496 2810
4496 1374
4496 1946
4496 2652
4497 2525
4497 6909
4497 2621
4497 527
4497 7319
4497 587
4497 5685
4497 6702
4497 863
4497 1234
4497 4736
4497 4557
4497 5327
4497 5733
4497 7211
4497 7066
4497 2620
4497 7455
6546 1047
6546 1644
6546 1645
6546 2765
6546 3756
6546 3757
6546 6547
6547 846
6547 847
6547 4950
6547 1644
6547 2475
2458 2459
2458 1406
2458 3156
2458 5774
2458 7178
2458 3188
2458 5232
2458 5590
2458 6956
2458 6972
2458 5928
2458 1930
2459 4064
2459 662
2459 2524
2459 2652
2459 6924
2459 756
2459 1250
2459 6562
2459 3786
2459 4934
2459 5928
2459 2668
2459 6988
2459 2934
2459 3740
416 5868
416 5869
416 4966
416 3188
416 1313
416 1930
416 5373
416 1344
416 5232
416 909
416 1234
416 1143
416 3320
416 7243
417 5746
417 5342
417 1848
417 2002
417 2858
417 5184
417 5494
417 1704
417 4708
417 6102
417 724
417 7302
417 2492
417 2964
417 1078
417 678
417 1329
417 1484
417 1755
417 1832
417 2493
417 2554
417 3060
417 3336
417 3527
417 4632
417 4676
417 4778
417 5168
417 5185
417 5326
417 5542
417 5622
417 5976
417 6703
417 6860
417 6876
417 6893
417 7021
417 7114
417 7226
417 7286
417 7303
417 7412
417 7454
417 7550
417 7756
417 7786
4512 2541
6562 814
6562 956
6562 1250
6562 1328
6562 1390
6562 1626
6562 1898
6562 2934
6562 3232
6562 3786
6562 3890
6562 4934
6562 4966
6562 5042
6562 5388
6562 5732
6562 5760
6562 7162
6562 6798
6562 6670
6562 2732
6562 4016
6562 2826
6562 6988
6562 6782
6563 2003
6563 7163
2474 5639
2474 3833
2474 2585
2474 3572
2474 7647
2475 800
2475 1046
2475 1644
2475 3203
2475 3756
2475 4950
432 3416
433 692
433 3188
433 3369
433 6892
433 3189
433 987
433 2748
4528 4676
4528 2653
4528 6655
4528 7303
4528 2904
4528 1500
4528 7454
4528 6622
4528 510
4528 7036
4529 3305
4529 1234
4529 708
4529 5327
4529 587
4529 5685
4529 2620
4529 6702
4529 6909
4529 972
4529 7692
4529 7582
4529 6750
4529 2540
4529 876
4529 7098
4529 7066
4529 7351
6578 526
6578 540
6578 862
6578 940
6578 1280
6578 1627
6578 1784
6578 2034
6578 2842
6578 3044
6578 3140
6578 3264
6578 3280
6578 3448
6578 3648
6578 3832
6578 3846
6578 4000
6578 4032
6578 4646
6578 4722
6578 4736
6578 4982
6578 5012
6578 5026
6578 5402
6578 5590
6578 5790
6578 5912
6578 6008
6578 6038
6578 3938
6578 7272
6578 7646
6578 7662
6578 7050
6578 7036
6578 7037
6578 7051
6578 7319
6578 7350
6578 7676
6579 1143
6579 3416
6579 5311
6579 5481
6579 3305
6579 7131
6579 831
6579 6655
6579 7351
2492 570
2492 724
2492 1078
2492 1612
2492 1848
2492 2002
2492 7302
2492 5088
2492 6102
2492 2964
2492 6766
2492 7130
2492 3770
2492 5342
2492 5746
2492 5494
2492 5184
2492 2554
2492 3060
2492 3526
2492 5185
2492 5976
2492 6844
2492 7286
2492 7708
2492 7756
2493 1126
2493 1470
2493 5746
2493 6876
2493 5185
2493 5542
2493 3336
2493 2554
2493 5622
2493 1848
2493 7146
2493 2002
2493 4632
2493 2858
2493 4708
2493 3337
2493 3891
2493 5168
2493 6703
2493 6860
2493 6893
2493 7147
2493 7303
4542 815
4542 1899
4542 5279
4542 3496
4542 1281
4542 7741
4542 6860
4542 6622
4542 7677
4543 480
4543 1986
4543 2570
4543 2571
4543 3557
4543 3678
4543 5464
4543 5279
448 3352
448 6671
448 5481
448 4858
449 740
6594 586
6594 632
6594 1220
6594 1251
6594 1360
6594 1580
6594 1801
6594 1816
6594 2904
6594 3028
6594 3216
6594 3304
6594 4794
6594 5013
6594 5684
6594 5898
6594 6054
6594 6070
6594 6134
6594 7772
6594 1390
6594 6639
6594 7724
6595 511
6595 541
6595 679
6595 863
6595 941
6595 973
6595 1627
6595 1725
6595 1865
6595 1883
6595 2003
6595 2601
6595 2781
6595 2827
6595 2905
6595 3141
6595 3337
6595 3449
6595 3617
6595 3649
6595 4033
6595 4633
6595 4779
6595 5121
6595 5201
6595 5343
6595 5671
6595 5733
6595 5913
6595 5961
6595 6103
6595 7067
6595 7583
6595 7211
6595 7051
6595 1501
6595 6845
6595 7273
6595 7413
6595 7519
6595 7599
6595 7647
6595 7693
6595 7757
6595 7773
2508 1110
2508 5805
4556 1517
4556 1801
4556 1882
4556 2018
4556 2843
4556 5510
4556 3216
4556 5013
4556 6070
4556 3616
4556 4794
4556 1816
4556 6134
4556 1220
4556 5898
4556 6054
4556 5559
4556 5791
4556 7614
4557 692
4557 740
4557 973
4557 1313
4557 1865
4557 1930
4557 2034
4557 2827
4557 3368
4557 3587
4557 4001
4557 4080
4557 6702
4557 6008
4557 2621
4557 7066
4557 7319
4557 527
4557 7211
4557 5327
4557 3968
4557 1234
4557 863
4557 6909
4557 6103
4557 4736
4557 5200
4557 6892
4557 4967
4557 5121
4557 5448
4557 5480
4557 5606
4557 5747
4557 5899
4557 7099
4557 7163
4557 7455
4557 7486
4557 7551
4557 7757
464 5976
464 1800
464 1018
464 7398
464 5977
464 465
464 4764
464 5294
464 7383
465 5977
6608 3248
6608 662
6608 4064
6608 2652
6608 2732
6608 4016
6608 2826
6608 5388
6608 5760
6608 5732
6608 1898
6608 3232
6608 6670
6608 1328
6608 956
6608 1390
6608 814
6608 7162
6608 6798
6608 6609
6608 7366
6609 7256
4570 3833
4570 3939
4570 1422
4571 1674
2524 786
2524 1485
2524 4064
2524 662
2524 2668
2524 2652
2524 1754
2524 5278
2524 5960
2524 2810
2524 571
2524 1864
2524 1374
2524 1946
2524 5152
2524 814
2524 5388
2524 3232
2524 1898
2524 1390
2524 5732
2524 4602
2524 4808
2525 909
2525 1079
2525 1143
2525 7567
2525 4983
2525 7163
2525 6686
2525 6767
2525 5511
6622 7303
6622 3496
6622 6860
6622 2700
6622 4676
6622 5542
480 1986
480 3678
480 5464
480 3557
480 481
480 1158
480 2570
481 5527
481 1986
481 5464
481 5465
4586 2034
4586 6054
4586 3616
4586 6134
4586 1220
4586 4794
4586 1816
4586 1188
4586 3480
4586 3890
4586 1580
4586 586
4586 1516
4586 5898
4587 5201
4587 3787
4587 7583
4587 4779
4587 7051
4587 6845
4587 7693
4587 679
4587 5169
4587 4033
4587 2601
2540 708
2540 876
2540 972
2540 1204
2540 1234
2540 1626
2540 1724
2540 5327
2540 2620
2540 3968
2540 6702
2540 6734
2540 7066
2540 7582
2540 7692
2540 6750
2540 7210
2540 6008
2540 2621
2540 2934
2540 3108
2540 3188
2540 4983
2540 5606
2540 5912
2540 6892
2540 7598
2541 3401
2541 2636
6638 496
6638 756
6638 908
6638 1345
6638 2584
6638 2668
6638 3352
6638 3616
6638 4676
6638 4825
6638 4918
6638 5575
6638 2874
6638 4048
6638 7566
6638 7005
6638 6908
6638 7630
6638 571
6638 1946
6638 1754
6638 5278
6638 1864
6638 1374
6638 2810
6638 6686
6638 7115
6638 7194
6638 7518
6639 957
6639 1189
6639 1501
6639 4661
6639 5121
6639 5343
6639 5791
6639 5913
6639 6039
6639 1220
6639 4794
6639 1816
6639 6134
6639 5013
6639 1580
6639 6054
6639 6070
6639 7772
6639 632
6639 1360
6639 3028
6639 3304
6639 5684
6639 5898
6639 6686
6639 6687
6639 6703
6639 6783
6639 7567
6639 7583
496 4016
496 2732
496 2826
496 1374
496 1864
496 5152
496 1754
496 571
496 5278
496 5960
496 2810
496 1946
496 6988
496 7566
496 2874
496 4048
496 510
496 756
496 830
496 908
496 1002
496 1188
496 1516
496 2584
496 2668
496 3480
496 3616
496 4692
496 4918
496 4966
496 5670
496 6686
496 6908
496 6924
496 7005
496 7318
496 7630
497 4873
497 3280
497 647
2554 570
2554 678
2554 924
2554 1094
2554 1612
2554 1832
2554 6844
2554 5542
2554 5622
2554 4632
2554 1848
2554 7146
2554 5746
2554 5342
2554 2002
2554 724
2554 2600
2554 2684
2554 3092
2554 3124
2554 3336
2554 4602
2554 4676
2554 4778
2554 4779
2554 5168
2554 6703
2554 7021
2554 7114
2554 7303
2554 7740
4602 1470
4602 1485
4602 6703
4602 2584
4602 924
4602 7676
4602 4632
4602 5542
4602 5622
4602 4708
4602 2002
4602 3336
4602 1188
4602 3480
4602 2652
4602 3816
4602 5248
4602 5820
4603 2637
4603 6940
4603 5359
510 3510
510 5558
510 4660
510 1516
510 586
510 3480
510 1188
510 7630
510 5820
510 3816
510 5120
510 5248
510 1960
510 7005
510 6908
510 908
510 6134
510 1345
510 2653
510 2700
510 3352
510 3665
510 3906
510 4676
510 4825
510 4903
510 5432
510 5853
510 6893
510 6956
510 6972
510 7518
511 863
511 941
511 2601
511 4033
511 7319
511 7067
511 1725
511 7051
511 2781
511 5733
511 6909
511 1501
511 7272
511 4646
511 541
511 1548
511 6671
6654 2716
6654 5790
6654 526
6654 2842
6654 7662
6654 940
6654 3264
6654 3448
6654 1516
6654 7319
6654 7050
6654 4000
6654 3846
6654 6702
6654 7566
6655 831
6655 2716
6655 3265
6655 3771
6655 4825
6655 4902
6655 6671
6655 7131
6655 7486
4616 2585
4616 5105
4616 6055
4617 1159
4617 2935
4617 3939
4617 7257
4617 5639
2570 1158
2570 2701
2570 3678
2570 3557
2570 3862
2570 1281
2570 1986
2570 3985
2570 5359
526 7662
526 5790
526 940
526 3264
526 2842
526 3448
526 3846
526 3938
526 5012
526 7646
526 4032
526 3044
526 1784
526 4646
526 7272
526 862
526 4000
526 957
526 1280
526 2700
526 3029
526 3280
526 3586
526 4661
526 4722
526 4736
526 4840
526 4982
526 5200
526 5511
526 5575
526 6071
526 6940
526 7036
526 7037
526 7050
526 7051
526 7099
526 7115
526 7194
526 7350
526 7366
526 7502
526 7551
526 7599
526 7677
527 2621
527 1234
527 2620
527 2780
527 6038
527 3968
527 5327
527 7066
527 1454
527 862
527 7272
527 4646
527 972
527 6750
527 7692
527 7582
527 6008
527 800
527 1313
527 1626
527 1627
527 3891
527 4983
527 5606
527 5747
527 5961
527 7099
527 7163
527 7211
527 7567
6670 571
6670 662
6670 814
6670 830
6670 956
6670 1002
6670 1312
6670 1328
6670 1374
6670 1390
6670 1454
6670 1754
6670 1864
6670 1898
6670 1946
6670 2732
6670 2810
6670 2826
6670 3232
6670 3786
6670 4016
6670 4064
6670 4808
6670 4934
6670 5042
6670 5152
6670 5278
6670 5388
6670 5732
6670 5760
6670 5960
6670 6798
6670 7162
6670 7318
6671 2716
6671 3265
6671 3771
6671 4709
6671 4902
6671 5358
6671 5481
6671 7051
6671 5201
6671 4779
6671 1501
6671 2781
6671 2601
6671 4033
6671 941
6671 7413
6671 7503
2584 924
2584 1470
2584 1517
2584 7676
2584 5042
2584 2874
2584 7566
2584 4048
2584 7630
2584 1516
2584 3616
2584 6988
2584 3480
2584 1188
2584 756
2584 4660
2584 5558
2584 2859
2584 3664
2584 4692
2584 5928
2584 6703
2584 6941
2584 7366
2585 5639
2585 5104
2585 2811
2585 3833
2585 3572
2585 5105
2585 6024
2585 6025
4632 570
4632 678
4632 924
4632 1470
4632 1484
4632 1485
4632 1612
4632 1832
4632 2684
4632 2858
4632 3336
4632 5542
4632 5622
4632 7146
4632 4708
4632 2002
4632 1704
4632 6844
4632 5184
4632 5494
4632 5746
4632 4779
4632 5168
4632 6703
4632 6876
4632 6893
4632 7114
4632 7226
4632 7303
4633 2781
4633 5201
4633 7163
4633 4779
4633 6103
4633 7413
4633 1865
4633 7211
4633 801
4633 1725
540 986
540 3648
540 5026
540 770
540 7020
540 5590
540 1500
540 1914
540 2934
540 5012
540 3140
540 3846
540 4722
540 1280
540 4982
540 3938
540 771
540 1613
540 3029
540 3280
540 5027
540 7502
541 2003
541 679
541 863
541 7067
541 7051
541 2601
541 941
541 4033
541 5201
541 4779
541 7583
541 1883
6686 3726
6686 4918
6686 830
6686 7318
6686 3216
6686 1312
6686 6070
6686 4048
6686 7566
6686 2874
6686 7630
6686 6988
6686 2826
6687 4693
6687 4709
6687 3141
6687 7051
6687 5121
6687 5201
6687 5913
6687 3891
6687 3586
6687 6799
6687 3449
6687 2781
6687 4779
6687 7583
6687 7519
4646 770
4646 862
4646 863
4646 940
4646 986
4646 1280
4646 1500
4646 1724
4646 1784
4646 2034
4646 2842
4646 3044
4646 3264
4646 3448
4646 3449
4646 3648
4646 3832
4646 3906
4646 3938
4646 4000
4646 4032
4646 4722
4646 4982
4646 7050
4646 7646
4646 5012
4646 6038
4646 4736
4646 5402
4646 5590
4646 5790
4646 7036
4646 7272
4646 7319
4646 7598
4646 7662
4646 7676
4647 3833
4647 3939
4647 5639
4647 7647
4647 5836
4647 7366
2600 1094
2600 1454
2600 3092
2600 7740
2600 570
2600 1612
2600 6844
2600 5622
2600 1848
2600 5542
2600 6734
2600 1204
2600 2964
2600 6102
2600 5088
2600 3124
2600 3496
2600 7147
2600 7741
2601 587
2601 679
2601 863
2601 957
2601 973
2601 1455
2601 1725
2601 1833
2601 1865
2601 1883
2601 2003
2601 2019
2601 4033
2601 941
2601 7067
2601 2781
2601 7583
2601 7319
2601 5733
2601 6909
2601 7051
2601 1501
2601 2827
2601 3141
2601 3337
2601 3449
2601 3617
2601 3649
2601 4737
2601 4967
2601 5121
2601 5201
2601 5343
2601 5481
2601 5671
2601 5685
2601 5791
2601 5899
2601 5913
2601 6103
2601 6845
2601 7099
2601 7211
2601 7273
2601 7519
2601 7599
2601 7647
2601 7773
554 6957
554 1438
554 3401
554 3400
554 2636
554 7005
554 6908
554 908
554 2874
554 3481
555 3401
555 693
555 2636
6702 708
6702 876
6702 972
6702 1234
6702 1296
6702 1313
6702 1406
6702 1626
6702 1755
6702 1914
6702 1930
6702 2034
6702 2620
6702 2621
6702 2653
6702 2981
6702 3156
6702 3188
6702 3368
6702 3496
6702 3832
6702 3968
6702 4080
6702 4967
6702 4983
6702 5232
6702 5327
6702 5402
6702 5416
6702 5448
6702 5480
6702 5526
6702 5606
6702 5747
6702 5774
6702 5869
6702 5912
6702 5928
6702 6008
6702 7066
6702 7098
6702 7646
6702 1784
6702 3044
6702 4032
6702 6734
6702 1204
6702 6750
6702 6892
6702 6909
6702 7036
6702 7037
6702 7178
6702 7210
6702 7350
6702 7486
6702 7582
6702 7598
6702 7692
6703 1470
6703 1485
6703 3664
6703 4919
6703 1832
6703 924
6703 5542
6703 7676
6703 4708
6703 5622
6703 7051
6703 7146
6703 2002
6703 7319
4660 1188
4660 1345
4660 1516
4660 1960
4660 2652
4660 2653
4660 3248
4660 3480
4660 3510
4660 3816
4660 3891
4660 5278
4660 571
4660 1864
4660 1946
4660 1374
4660 2810
4660 5960
4660 1754
4660 5152
4660 5820
4660 5248
4660 5120
4660 4016
4660 2826
4660 4825
4660 4902
4660 4966
4660 5558
4660 6924
4661 709
4661 1769
4661 1883
4661 3141
4661 3337
4661 3556
4661 4081
4661 7051
4661 1501
4661 863
4661 3448
4661 3264
4661 940
4661 7662
4661 5790
4661 2842
4661 7319
4661 3846
4661 4919
4661 5511
4661 5638
4661 6009
4661 6925
4661 6940
4661 7004
4661 7599
570 6844
570 5622
570 5542
570 5088
570 2964
570 724
570 7302
570 6102
570 1078
570 1848
570 3770
570 6766
570 678
570 924
570 1094
570 1612
570 1832
570 2684
570 3092
570 3124
570 7114
570 7146
570 7740
571 1864
571 2810
571 1946
571 5152
571 1754
571 1374
571 5278
571 7630
571 908
571 6908
571 7005
571 956
571 1328
571 1390
571 5760
571 5388
571 814
571 662
571 756
571 830
571 1062
571 1266
571 1898
571 2652
571 2668
571 2874
571 3232
571 4048
571 4064
571 4692
571 4918
571 5042
571 5558
571 5670
571 5732
571 5960
571 6988
571 7318
571 7440
571 7566
2620 587
2620 708
2620 876
2620 972
2620 1234
2620 1626
2620 7582
2620 7692
2620 6750
2620 5327
2620 3968
2620 2780
2620 2621
2620 7066
2620 1204
2620 4983
2620 5606
2620 5685
2620 5961
2620 6892
2621 587
2621 973
2621 1454
2621 1626
2621 1627
2621 1865
2621 3968
2621 5327
2621 2780
2621 1234
2621 6038
2621 7066
2621 972
2621 6750
2621 7582
2621 7692
2621 876
2621 4983
2621 5606
2621 5685
2621 5733
2621 5747
2621 5961
2621 6103
2621 6909
2621 7099
2621 7163
2621 7211
2621 7567
6719 1549
6719 4824
4676 2653
4676 5432
4676 6956
4676 6972
4676 5342
4676 4048
4676 7566
4676 2874
4676 3616
4676 5746
4677 1564
586 1816
586 1220
586 4794
586 6134
586 5898
586 6054
586 7772
586 3304
586 5684
586 3028
586 632
586 1360
586 1580
586 5558
586 602
586 1501
586 2904
586 3616
586 3891
586 3906
586 5104
586 5389
586 6893
586 6924
586 7614
586 7724
587 5685
587 6909
587 5733
587 7211
587 863
587 7319
587 4736
587 1865
587 941
587 4033
587 2780
587 3968
587 1454
587 5327
587 877
587 1126
587 1627
587 2003
587 2019
587 3305
587 3649
587 3847
587 4967
587 5343
587 6103
587 6767
587 7147
587 7163
587 7351
587 7567
587 7741
587 7757
2636 693
2636 1438
2636 1439
2636 1947
2636 3401
2636 3400
2636 3481
2636 3632
6734 708
6734 876
6734 972
6734 1094
6734 1204
6734 1234
6734 2780
6734 3092
6734 3108
6734 3124
6734 3832
6734 3968
6734 5200
6734 5327
6734 5606
6734 5912
6734 5928
6734 6008
6734 7210
6734 7692
6734 7582
6734 6750
6734 5012
6734 7098
6734 6892
6735 7004
4692 1517
4692 3280
4692 5042
4692 5278
4692 2810
4692 5152
4692 1946
4692 1754
4692 1864
4692 1374
4692 5960
4692 756
4692 908
4692 7005
4692 6908
4692 6988
4692 7630
4692 814
4692 5059
4693 757
4693 1281
4693 1297
4693 2035
4693 2905
4693 5121
4693 7426
4693 1062
4693 4779
4693 3891
4693 5201
4693 6973
4693 6989
602 1768
602 1251
602 1501
602 1220
602 1816
602 4794
602 6134
602 3510
602 1516
602 3616
602 7319
602 3480
602 1188
602 4935
602 663
602 800
602 1110
602 1250
602 1266
602 3248
602 3771
602 3891
602 5389
602 5899
602 6039
602 6783
602 6924
602 7115
602 7382
602 7631
603 1221
603 1755
603 5623
603 1532
603 1391
603 6940
603 6845
603 5359
2652 662
2652 1062
2652 1485
2652 3816
2652 5120
2652 5248
2652 1960
2652 5820
2652 4064
2652 3480
2652 1188
2652 5558
2652 1946
2652 1864
2652 5960
2652 2810
2652 1374
2652 1754
2652 5278
2652 3248
2652 6860
2652 6924
2653 1033
2653 7066
2653 7050
2653 4000
2653 1516
2653 6008
2653 5558
2653 1188
2653 3480
2653 3890
2653 5327
2653 5248
2653 3816
2653 5820
2653 2965
2653 3711
2653 6956
2653 6972
6750 708
6750 876
6750 877
6750 972
6750 1204
6750 1234
6750 2780
6750 5327
6750 7582
6750 7692
6750 3968
6750 7098
6750 7210
6751 2684
6751 3526
6751 1329
6751 3336
6751 1832
6751 6876
6751 4779
6751 5185
6751 678
6751 5389
6751 7146
6751 5961
6751 7708
4708 678
4708 1470
4708 1484
4708 1485
4708 1704
4708 2858
4708 2859
4708 3336
4708 3527
4708 5494
4708 5184
4708 2002
4708 5326
4708 5746
4708 7550
4708 1848
4708 7146
4708 5542
4708 5342
4708 5622
4708 6876
4708 4778
4708 6860
4708 6893
4708 7021
4708 7226
4708 7412
4708 7454
4708 7756
4708 7786
4709 757
4709 3265
4709 3281
4709 4017
4709 5481
4709 3141
4709 5201
4709 4902
4709 6799
4709 3417
4709 4779
4709 6845
4709 7131
616 2981
616 4996
616 3108
616 5416
616 3847
616 5899
616 2980
616 3694
616 3060
616 4997
617 5543
617 6009
617 6135
617 1281
617 3771
617 801
2668 1062
2668 1158
2668 7005
2668 6908
2668 908
2668 4048
2668 2874
2668 7566
2668 2810
2668 5960
2668 5278
2668 5152
2668 1374
2668 1946
2668 1754
2668 1864
2668 7630
2668 2684
2668 3352
2668 4808
2668 6924
2669 3922
6766 724
6766 1078
6766 1329
6766 1612
6766 1704
6766 1848
6766 2002
6766 2964
6766 3060
6766 3526
6766 4778
6766 5088
6766 5185
6766 5342
6766 6102
6766 3770
6766 7130
6766 7302
6766 7708
6766 5746
6766 5184
6766 5494
6766 6844
6766 7021
6766 7286
6767 1079
6767 3029
6767 3305
6767 7567
6767 4736
6767 7163
6767 6103
6767 2781
6767 5685
6767 7211
6767 1865
6767 6909
6767 7412
6767 5733
4722 862
4722 863
4722 986
4722 1280
4722 1626
4722 1724
4722 1784
4722 3044
4722 3648
4722 4000
4722 4032
4722 4982
4722 5012
4722 7272
4722 7050
4722 3938
4722 7646
4722 6038
4722 3846
4722 2842
4722 7662
4722 940
4722 5027
4722 7319
4722 7676
4723 1961
4723 4887
632 7772
632 3028
632 3304
632 1360
632 5898
632 1816
632 1220
632 4794
632 6134
632 3216
632 6070
632 1390
632 1251
632 1501
632 1580
632 1768
632 2904
632 3510
632 5684
632 7724
2684 5622
2684 5542
2684 1612
2684 6844
2684 7740
2684 3336
2684 3124
2684 3092
2684 1094
2685 1438
2685 4080
2685 3400
2685 3481
2685 5465
6782 1768
6782 3140
6782 3648
6782 4935
6782 2826
6782 4016
6782 2732
6782 7162
6782 6798
6782 4934
6782 3786
6782 1898
6782 1328
6782 5760
6782 5388
6782 3232
6782 814
6782 1390
6782 6783
6782 7631
6783 786
6783 800
6783 1769
6783 3282
6783 6039
6783 6135
6783 7631
6783 5013
6783 4935
6783 1454
6783 1312
6783 3510
6783 1768
6783 4918
4736 863
4736 877
4736 1079
4736 1251
4736 1627
4736 1725
4736 2781
4736 3265
4736 3305
4736 3497
4736 3891
4736 3938
4736 7319
4736 7272
4736 862
4736 4032
4736 7646
4736 3044
4736 1784
4736 5012
4736 3448
4736 5790
4736 7662
4736 2842
4736 940
4736 3264
4736 4967
4736 5343
4736 5606
4736 5685
4736 5733
4736 5913
4736 6909
4736 7147
4736 7412
4736 7567
4736 7631
4737 3449
4737 1725
4737 3141
4737 3891
4737 5913
4737 5121
4737 4001
4737 4033
4737 941
4737 7273
4737 7583
4737 7195
4737 7663
647 4873
2700 1345
2700 3510
2700 7662
2700 5790
2700 3264
2700 3448
2700 2842
2700 940
2700 6876
2700 7740
2700 3846
2700 1704
2700 2858
2700 3352
2700 5575
2700 5700
2700 6940
2701 1158
2701 5358
2701 6799
2701 5262
2701 5294
2701 3771
2701 5543
4750 1849
4750 3922
4751 1688
4751 3384
6798 800
6798 1002
6798 1296
6798 1516
6798 1755
6798 2732
6798 2826
6798 3496
6798 3510
6798 3786
6798 3890
6798 3906
6798 4016
6798 4825
6798 4902
6798 4934
6798 4966
6798 5606
6798 7162
6798 6988
6798 1390
6798 3232
6798 5388
6798 5760
6798 5732
6798 956
6798 1898
6798 814
6798 1328
6798 7399
6798 7440
6798 7724
6799 1281
6799 1817
6799 3862
6799 5169
6799 5358
6799 5121
6799 6989
6799 3771
6799 5543
6799 831
6799 5201
662 956
662 3232
662 5760
662 5388
662 814
662 1328
662 5732
662 1390
662 1898
662 2810
662 1754
662 1946
662 1374
662 1864
662 5960
662 5278
662 1062
662 3248
662 4064
662 4808
662 6924
663 3906
663 1785
663 4840
663 5559
663 5013
663 1032
663 3543
663 6119
663 7725
663 7787
2716 4902
2716 4825
2717 5403
2717 1961
4764 4825
4764 7256
4765 1740
6814 5433
6814 7757
6814 7756
6814 6815
6814 7367
6815 5216
678 7146
678 1832
678 5326
678 2858
678 5542
678 7550
678 1704
678 5494
678 5184
678 5622
678 6844
678 1612
678 924
678 1470
678 1484
678 2859
678 3664
678 4779
678 5168
678 7226
678 7273
678 7303
678 7786
679 5201
679 1883
679 5671
679 7067
679 941
679 4033
679 2003
679 7583
679 7693
679 4779
679 771
679 863
679 1849
4778 3922
4778 1848
4778 2002
4778 5746
4778 5342
4778 2858
4778 1704
4778 7130
4778 3770
4778 5542
4778 5494
4778 5184
4778 7708
4779 757
4779 1003
4779 1079
4779 1159
4779 1205
4779 1769
4779 1817
4779 1849
4779 2905
4779 3141
4779 3281
4779 3787
4779 5201
4779 1329
4779 7146
4779 1501
4779 1832
4779 7051
4779 2781
4779 1725
4779 2003
4779 2858
4779 5791
4779 5169
4779 5671
4779 6009
4779 6845
4779 6989
4779 7195
4779 7273
4779 7413
4779 7441
4779 7503
4779 7519
4779 7693
2732 800
2732 814
2732 956
2732 1002
2732 1188
2732 1312
2732 1328
2732 1390
2732 1516
2732 1898
2732 1960
2732 4016
2732 2826
2732 7162
2732 7630
2732 5760
2732 5732
2732 3232
2732 5388
2732 3786
2732 4934
2732 3480
2732 3496
2732 3510
2732 3816
2732 3890
2732 3891
2732 4902
2732 4935
2732 4966
2732 5120
2732 5248
2732 5670
2732 5820
2732 6988
2732 7598
2733 725
2733 5638
2733 3984
6830 2034
6831 7773
692 3188
692 4080
692 6892
692 2748
692 3189
692 1931
692 5448
692 5912
692 4967
692 4966
692 5670
692 1930
692 987
692 1705
693 3401
693 1439
693 4080
693 3400
693 1549
693 2749
4794 1220
4794 1251
4794 1360
4794 1501
4794 1580
4794 1801
4794 1816
4794 1882
4794 2018
4794 2843
4794 2904
4794 3028
4794 3216
4794 3304
4794 3510
4794 3616
4794 3906
4794 6134
4794 7772
4794 5684
4794 5898
4794 6054
4794 5013
4794 5104
4794 5389
4794 5510
4794 6070
4794 7677
4794 7724
4795 2019
4795 1250
4795 1833
2748 1931
2748 3188
2748 5448
2748 3189
2748 6892
2748 5373
2748 4967
2748 1930
2748 5912
2748 5670
2749 3573
2749 1438
2749 1344
2749 4080
6844 924
6844 1094
6844 1612
6844 1832
6844 3092
6844 3124
6844 5542
6844 5622
6844 5088
6844 2964
6844 724
6844 7302
6844 6102
6844 1078
6844 1848
6844 3770
6844 7114
6844 7146
6844 7740
6845 3281
6845 5201
6845 3141
6845 7051
6845 7519
6845 7583
6845 4033
6845 941
6845 2781
6845 1725
6845 2003
708 5327
708 972
708 7692
708 7582
708 7098
708 1234
708 3968
708 876
708 1204
708 6008
708 7066
708 2034
708 2780
708 2875
708 3108
708 3188
708 3368
708 3832
708 5200
708 5232
708 5373
708 5774
708 5912
708 5928
708 6892
708 7178
708 7210
709 3141
709 5671
4808 3740
4808 4064
4808 5042
4808 1768
4808 1328
4808 3232
4808 5760
4808 1898
4808 5388
4808 956
4808 1390
4809 1111
4809 3601
2764 1689
2764 4872
2764 5944
2765 1047
2765 1422
2765 3757
2765 4950
6860 815
6860 1297
6860 1375
6860 1485
6860 1755
6860 4017
6860 5294
6860 3496
6860 3891
6860 5542
6860 5746
6860 6876
6860 2002
6860 3336
6860 5622
6860 7740
6860 1188
6860 3480
6860 6861
6860 6893
6860 7004
6860 7741
6861 2890
724 5088
724 7302
724 1078
724 6102
724 2964
724 7130
724 3770
724 1848
724 2002
724 5342
724 5746
724 5494
724 5184
724 1612
724 3060
724 3526
724 5185
724 5976
724 7286
724 7550
724 7708
4824 1565
4825 4902
4825 3890
4825 3510
4825 1516
4825 5558
4825 7162
4825 7566
4825 4048
4825 2874
4825 7486
2780 877
2780 972
2780 1204
2780 7582
2780 7692
2780 3968
2780 5200
2780 1234
2780 6008
2780 5327
2780 7098
2780 7210
2780 3832
2780 5685
2780 5747
2780 6909
2781 863
2781 941
2781 973
2781 1079
2781 1627
2781 1725
2781 1865
2781 2003
2781 4033
2781 7211
2781 7051
2781 7583
2781 7067
2781 6103
2781 2827
2781 3029
2781 3141
2781 3337
2781 3587
2781 3617
2781 3649
2781 5121
2781 5201
2781 5343
2781 5733
2781 5913
2781 6909
2781 7147
2781 7163
2781 7195
2781 7273
2781 7413
2781 7441
2781 7455
2781 7519
2781 7567
2781 7647
2781 7693
2781 7757
6876 1329
6876 1484
6876 3336
6876 5168
6876 2858
6876 5746
6876 1704
6876 1848
6876 7146
6876 5342
6876 5184
6876 5494
6876 2002
6876 5542
6876 5326
6876 6893
6876 7226
6876 7303
6876 7454
6876 7677
6877 5389
6877 3526
740 1930
740 5232
740 7066
740 3188
740 3156
740 1406
740 7243
741 1740
741 1741
4840 1785
4840 3906
4840 3496
4840 4000
4840 7050
4840 3448
4840 3264
4840 2842
4840 5790
4840 7662
4840 940
4840 7272
4840 5403
4841 3542
2796 2797
2796 5216
2796 5526
2796 5944
2796 7599
2796 5073
2797 3465
6892 1313
6892 1344
6892 1406
6892 1930
6892 1931
6892 2875
6892 3156
6892 3188
6892 3189
6892 3368
6892 4080
6892 4967
6892 5373
6892 5448
6892 5869
6892 5912
6892 3968
6892 6008
6892 5327
6892 7210
6892 7066
6892 1234
6892 876
6892 1204
6892 7098
6892 7582
6892 972
6893 815
6893 1158
6893 4919
6893 5279
6893 5885
6893 5929
6893 3496
6893 3336
6893 5542
6893 3891
6893 1516
6893 5622
6893 5746
6893 3480
6893 6925
756 6908
756 908
756 7005
756 6988
756 7566
756 2874
756 4048
756 1946
756 5152
756 5960
756 1864
756 5278
756 2810
756 1754
756 1374
756 7630
756 1345
756 3352
756 4918
756 6941
756 7440
757 3497
757 3141
757 5543
757 801
757 5913
757 5821
757 7693
757 1297
757 7413
757 1281
757 1158
757 2951
757 3281
757 3511
757 3907
757 7426
757 7441
757 7503
757 7519
2810 830
2810 908
2810 1062
2810 1266
2810 1374
2810 1754
2810 1864
2810 1946
2810 5152
2810 5278
2810 7630
2810 6908
2810 7005
2810 956
2810 1328
2810 1390
2810 5760
2810 5388
2810 814
2810 2874
2810 4048
2810 4064
2810 5558
2810 5670
2810 5898
2810 5960
2810 6988
2810 7318
2810 7440
2810 7566
2811 846
2811 1422
2811 1548
2811 5639
2811 6055
2811 3833
2811 4950
2811 7257
4858 2980
4858 7773
4858 4951
4859 1961
6908 908
6908 1062
6908 1266
6908 1345
6908 1374
6908 1754
6908 1864
6908 1946
6908 2874
6908 3248
6908 3352
6908 3616
6908 4048
6908 4918
6908 5152
6908 5278
6908 5670
6908 5960
6908 7005
6908 7566
6908 7630
6908 6924
6908 7382
6908 7440
6908 7518
6908 7740
6909 877
6909 941
6909 1126
6909 1627
6909 1865
6909 2019
6909 3305
6909 3649
6909 3847
6909 4033
6909 4967
6909 5343
6909 5543
6909 5685
6909 5733
6909 6103
6909 7319
6909 863
6909 7211
6909 6008
6909 7067
6909 7147
6909 7163
6909 7351
6909 7486
6909 7567
6909 7631
6909 7741
6909 7757
770 3648
770 1500
770 5590
770 986
770 5026
770 1914
770 7020
770 2934
770 3140
770 3044
770 1784
770 4032
770 7646
770 862
770 7272
770 3938
770 1613
770 1755
770 3280
770 5027
771 5201
771 3649
771 1883
771 7020
771 5026
771 986
771 2003
771 5671
771 7067
771 5027
771 3281
771 3817
4872 7082
2826 800
2826 814
2826 956
2826 1002
2826 1188
2826 1312
2826 1328
2826 1390
2826 1516
2826 1898
2826 1960
2826 4016
2826 7162
2826 7630
2826 5760
2826 5732
2826 3232
2826 5388
2826 3786
2826 4934
2826 3480
2826 3496
2826 3510
2826 3816
2826 3890
2826 3891
2826 3906
2826 4935
2826 4966
2826 5120
2826 5248
2826 5558
2826 5670
2826 5820
2826 6988
2826 7598
2827 1471
2827 1548
2827 5559
2827 6071
2827 941
2827 4033
2827 7583
2827 3248
2827 5913
2827 1725
2827 5013
2827 1501
2827 3448
2827 940
2827 7366
6924 1062
6924 3248
6924 1768
6924 5558
6924 1516
6924 7005
6924 908
6924 4064
6925 7614
786 1517
786 5121
786 1062
786 1312
786 5013
786 7115
4886 5526
2842 862
2842 940
2842 957
2842 1280
2842 1784
2842 5790
2842 7662
2842 3264
2842 3448
2842 3846
2842 3938
2842 5012
2842 7646
2842 4032
2842 3044
2842 7272
2842 4000
2842 3029
2842 3586
2842 4982
2842 5200
2842 5511
2842 5575
2842 6071
2842 7020
2842 7036
2842 7037
2842 7050
2842 7051
2842 7099
2842 7194
2842 7350
2842 7366
2842 7502
2842 7551
2843 1517
2843 1801
2843 1882
2843 2018
2843 5510
2843 3216
2843 5013
2843 6070
2843 3616
2843 1816
2843 6134
2843 1220
2843 5898
2843 6054
2843 5559
2843 5791
2843 7614
6940 3800
6940 4919
6940 5837
6940 5575
6941 1062
6941 5912
6941 1580
6941 3890
6941 1768
6941 3617
6941 5670
6941 5042
6941 3616
6941 6054
800 7115
800 7631
800 1312
800 1002
800 1454
800 3510
800 7162
800 4016
800 1046
801 1817
801 5543
801 5913
801 7503
801 6039
801 7099
801 7413
801 5121
801 6009
801 1267
801 3281
801 3511
801 5495
4902 3265
4902 3771
4902 5747
4902 3510
4902 7162
4902 1516
4902 3890
4902 5558
4902 4016
4902 5294
4902 7486
4902 7518
4903 1019
4903 2035
4903 3157
4903 3449
4903 973
4903 5121
4903 7319
4903 863
4903 5671
4903 7036
4903 5853
2858 1329
2858 1484
2858 1704
2858 1832
2858 5184
2858 5494
2858 5326
2858 7550
2858 1848
2858 5746
2858 2002
2858 5342
2858 7146
2858 6102
2858 2964
2858 1078
2858 3336
2858 5168
2858 5542
2858 7021
2858 7226
2858 7286
2858 7303
2858 7412
2858 7454
2858 7756
2858 7786
2859 1517
2859 3664
2859 1832
2859 5511
2859 1470
2859 7226
2859 924
2859 5042
2859 7676
2859 7114
2859 7146
6956 1406
6956 3156
6956 5432
6956 5774
6956 5852
6956 5853
6956 5929
6956 7178
6956 5232
6956 2875
6956 1930
6956 7066
6956 6972
6957 3400
6957 3401
814 1390
814 956
814 5760
814 5732
814 3232
814 1898
814 1328
814 5388
814 4016
814 4934
814 3786
814 1374
814 5960
814 5152
814 1002
814 1250
814 1312
814 1454
814 1754
814 1864
814 1946
814 4064
814 5042
814 5278
814 7162
815 3496
815 7741
815 5279
815 4017
4918 830
4918 2874
4918 4048
4918 7318
4918 7566
4918 7005
4918 908
4918 7630
4918 1754
4918 1374
4918 5152
4918 1946
4918 5575
4918 6039
4918 7194
4919 3337
4919 3141
4919 5013
2874 908
2874 1345
2874 4048
2874 7566
2874 7005
2874 7630
2874 3616
2874 1946
2874 1754
2874 5278
2874 1864
2874 1374
2874 3352
2874 5200
2874 5432
2874 5575
2874 7115
2874 7194
2874 7518
2874 7740
2875 1406
2875 5232
2875 7178
2875 5774
2875 3156
2875 7098
2875 1914
2875 1930
2875 2934
2875 5432
2875 7210
2875 5200
2875 3320
2875 6972
6972 1406
6972 3156
6972 5432
6972 5774
6972 5852
6972 5853
6972 5929
6972 7178
6972 5232
6972 1930
6972 7066
6973 3953
830 7630
830 5960
830 5278
830 1754
830 1374
830 1946
830 1864
830 5152
830 1898
830 5760
830 1390
830 5388
830 1312
830 1454
830 6039
830 6070
830 7318
830 7631
831 2890
831 3265
831 7398
4934 956
4934 1250
4934 1328
4934 1390
4934 1626
4934 1898
4934 3232
4934 3786
4934 3890
4934 4016
4934 7162
4934 5732
4934 5760
4934 5388
4934 6988
4934 4966
4934 5042
4935 1250
4935 1251
4935 1768
4935 5820
4935 5120
4935 3816
4935 1960
4935 5248
4935 3480
4935 1188
4935 3890
4935 4016
4935 7631
2890 5262
2891 5993
6988 3786
6988 3890
6988 4966
6988 5670
6988 7630
6988 7162
6988 4016
6988 5152
6988 5960
6988 1754
6988 5278
6988 1374
6988 1864
6988 1946
6988 7440
6989 1281
6989 1817
6989 2035
6989 3984
6989 5201
6989 5543
6989 2905
6989 1062
6989 5791
6989 3891
846 847
4950 3202
4951 3695
4951 5480
4951 5761
4951 5089
2904 6134
2904 1220
2904 1816
2904 5684
2904 1360
2904 3028
2904 3304
2904 7772
2904 6054
2904 3616
2904 5898
2904 2950
2904 2951
2904 3352
2905 1281
2905 5671
2905 5201
2905 7115
2905 5121
2905 3449
2905 3787
2905 7426
2905 3891
2905 3281
2905 7773
7004 3862
7004 5121
7004 7036
7004 4081
7004 1361
7004 3586
7005 908
7005 1062
7005 1266
7005 1345
7005 1374
7005 1754
7005 1864
7005 1946
7005 3248
7005 3352
7005 3616
7005 4048
7005 5152
7005 5278
7005 5960
7005 7566
7005 7630
7005 7382
7005 7440
7005 7518
7005 7740
862 3938
862 1280
862 4982
862 7050
862 4000
862 3044
862 1784
862 4032
862 7646
862 5012
862 6038
862 3264
862 863
862 940
862 986
862 1296
862 1500
862 1724
862 2034
862 3448
862 3648
862 3832
862 3846
862 3906
862 5402
862 5590
862 5790
862 7036
862 7272
862 7319
862 7598
862 7662
862 7676
863 941
863 4033
863 7067
863 7319
863 7051
863 1725
863 7272
863 5733
863 4982
863 1280
863 957
863 973
863 1126
863 1455
863 1833
863 1865
863 1883
863 2003
863 2019
863 3141
863 3305
863 3449
863 3617
863 3649
863 4967
863 5027
863 5201
863 5343
863 5685
863 5899
863 5913
863 6009
863 6103
863 7163
863 7211
863 7583
863 7599
863 7647
863 7757
863 7773
2918 2919
2918 5169
2919 5169
2919 3013
4966 1313
4966 1516
4966 5558
4966 7162
4966 4016
4966 7724
4966 3890
4966 7630
4966 3786
4966 1188
4966 5480
4966 5868
4966 5869
4967 877
4967 1931
4967 3189
4967 3368
4967 7319
4967 5685
4967 7066
4967 6008
4967 1234
4967 5733
4967 5327
4967 4033
4967 941
4967 5373
4967 5448
876 5327
876 1234
876 3968
876 1204
876 7066
876 7582
876 972
876 7692
876 7210
876 6008
876 1626
876 1724
876 2934
876 3108
876 3188
876 4983
876 5606
876 5912
876 7598
877 3305
877 7163
877 5685
877 7567
877 3832
877 1865
877 7210
877 7098
877 1234
7020 986
7020 1205
7020 1500
7020 1613
7020 1914
7020 2934
7020 3029
7020 3140
7020 3280
7020 3648
7020 5026
7020 5027
7020 5232
7020 5590
7020 3846
7020 5790
7020 3448
7020 940
7020 3264
7020 7502
7021 1345
7021 1848
7021 5746
7021 2002
7021 5342
7021 5184
7021 5494
7021 1704
7021 3770
7021 7130
7021 5542
7021 7226
2934 986
2934 1500
2934 1613
2934 1914
2934 3648
2934 5026
2934 5590
2934 3140
2934 5327
2934 1234
2934 3786
2934 3740
2934 5961
2935 7647
2935 7583
2935 1769
2935 1189
2935 3939
2935 7067
2935 5671
4982 986
4982 1280
4982 1626
4982 1724
4982 1784
4982 3044
4982 3648
4982 4000
4982 4032
4982 5012
4982 7272
4982 7050
4982 3938
4982 7646
4982 6038
4982 3846
4982 7662
4982 940
4982 5026
4982 5027
4982 7319
4982 7676
4983 909
4983 1313
4983 1613
4983 3320
4983 7567
4983 7163
4983 1234
4983 5327
4983 1250
4983 1914
4983 5511
4983 7709
892 3093
893 6135
893 5059
7036 1613
7036 1627
7036 5480
7036 4000
7036 7050
7036 3938
7036 6008
7036 7662
7036 3448
7036 940
7036 3264
7036 5790
7036 3846
7036 7272
7036 3044
7036 7614
7037 1172
7037 3464
7037 5929
7037 6008
7037 5200
7037 1234
7037 7066
7037 940
7037 3448
7037 3264
7037 7662
7037 5790
7037 3846
7037 3938
7037 3968
4996 2980
4996 2981
4996 2997
4996 3108
4996 3694
4996 3847
4996 5416
4996 3060
4996 5899
4996 7210
4996 7066
4996 4997
4996 6008
4996 5804
4997 3108
4997 5416
4997 2981
4997 3847
4997 1626
4997 7334
2950 6039
2950 2951
2950 7382
2951 5821
2951 7599
2951 3465
7050 957
7050 1280
7050 1296
7050 1500
7050 1784
7050 3044
7050 3496
7050 3846
7050 3906
7050 3938
7050 4032
7050 5012
7050 5027
7050 5402
7050 5590
7050 5747
7050 6008
7050 6038
7050 4000
7050 7272
7050 7646
7050 7662
7050 3448
7050 7115
7050 7319
7050 7551
7050 7676
7051 941
7051 957
7051 1079
7051 1126
7051 1725
7051 1883
7051 2003
7051 3141
7051 3449
7051 3617
7051 3787
7051 4033
7051 5027
7051 5201
7051 5343
7051 5511
7051 5733
7051 5899
7051 5913
7051 6009
7051 3448
7051 5790
7051 940
7051 3264
7051 7662
7051 3846
7051 3938
7051 7067
7051 7163
7051 7502
7051 7583
7051 7599
7051 7647
7051 7757
908 4048
908 7566
908 1864
908 5278
908 1374
908 5960
908 1754
908 5152
908 1946
908 7630
908 1062
908 1266
908 1345
908 3248
908 3352
908 3616
908 7382
908 7440
908 7518
908 7740
909 7567
909 1079
909 5511
909 3832
909 5232
909 1143
909 1344
909 5868
909 5869
2964 1078
2964 1094
2964 1612
2964 1848
2964 2002
2964 5088
2964 7302
2964 6102
2964 7130
2964 3770
2964 5342
2964 5746
2964 5494
2964 5184
2964 3060
2964 3092
2964 3124
2964 3526
2964 5185
2964 5976
2964 7286
2964 7550
2964 7708
2964 7756
2965 1961
2965 7413
2965 3907
2965 3711
5012 940
5012 986
5012 1204
5012 1280
5012 1724
5012 1784
5012 3044
5012 3264
5012 3448
5012 3846
5012 3938
5012 4000
5012 4032
5012 7646
5012 7272
5012 5790
5012 5027
5012 6038
5012 7319
5012 7662
5012 7676
5013 1110
5013 1501
5013 1801
5013 1882
5013 2018
5013 3216
5013 3337
5013 3449
5013 3771
5013 3891
5013 6070
5013 5510
5013 1220
5013 1816
5013 6134
5013 3028
5013 5343
5013 5389
5013 5559
5013 5791
5013 5913
5013 6039
5013 6071
5013 7399
5013 7614
5013 7631
7066 1234
7066 1296
7066 1313
7066 1406
7066 1626
7066 1930
7066 2034
7066 2981
7066 3156
7066 3188
7066 3368
7066 3832
7066 3968
7066 4080
7066 5327
7066 5373
7066 5402
7066 5416
7066 5448
7066 5480
7066 5606
7066 5747
7066 5869
7066 5912
7066 6008
7066 7098
7066 7646
7066 1784
7066 4032
7066 3044
7066 7210
7066 1204
7066 7486
7066 7598
7067 941
7067 1189
7067 1455
7067 1725
7067 1833
7067 1883
7067 2003
7067 2019
7067 3305
7067 3449
7067 3617
7067 3649
7067 4033
7067 4049
7067 5121
7067 5201
7067 5481
7067 5671
7067 5733
7067 5961
7067 7583
7067 7211
7067 7163
7067 7273
7067 7455
7067 7647
7067 7773
924 7114
924 5542
924 7676
924 5622
924 7146
924 1612
924 5746
924 1832
924 2002
924 1470
924 1484
924 1517
924 3664
924 7226
924 7366
5026 986
5026 1500
5026 1613
5026 1914
5026 3029
5026 3140
5026 3280
5026 3648
5026 3649
5026 5590
5026 7646
5026 4032
5026 1784
5026 3044
5026 3938
5026 5027
5026 5961
5027 986
5027 5590
5027 7319
5027 3648
5027 1500
5027 1280
5027 3649
5027 4000
2980 1344
2980 2981
2980 3108
2980 3694
2980 5416
2980 3847
2980 5417
2980 3060
2980 5804
2980 7242
2980 7487
2981 3108
2981 5416
2981 3847
2981 3060
2981 5899
2981 3694
2981 6008
2981 7210
2981 2997
2981 5804
7083 1987
940 5790
940 7662
940 3264
940 3448
940 3846
940 3938
940 7646
940 4032
940 3044
940 1784
940 7272
940 4000
940 957
940 1280
940 3586
940 5200
940 5575
940 6038
940 6071
940 7099
940 7115
940 7194
940 7319
940 7350
940 7366
940 7502
940 7551
940 7677
941 4033
941 1725
941 7583
941 7319
941 5733
941 1501
941 957
941 973
941 1455
941 1833
941 1865
941 1883
941 2003
941 2019
941 3141
941 3337
941 3449
941 3617
941 3649
941 5121
941 5201
941 5343
941 5481
941 5671
941 5685
941 5791
941 5899
941 5913
941 6103
941 7099
941 7211
941 7273
941 7519
941 7599
941 7647
941 7773
5042 1470
5042 1517
5042 1724
5042 7676
5042 3786
5042 5388
5042 3232
5042 1390
5042 5760
5042 5732
5042 1328
5042 956
5042 1898
5042 5960
5042 5511
5042 5928
5043 1833
5043 3632
5043 3633
5043 2019
2996 7351
2996 3711
2996 3527
2997 7351
2997 5416
2997 3694
2997 3108
2997 3847
2997 5804
2997 3511
7098 972
7098 1204
7098 1234
7098 2034
7098 3108
7098 3188
7098 3368
7098 3832
7098 4080
7098 5200
7098 5232
7098 5327
7098 5373
7098 5432
7098 5448
7098 5575
7098 5774
7098 5912
7098 5928
7098 6008
7098 7692
7098 7582
7098 1784
7098 4032
7098 7646
7098 3044
7098 7178
7098 7210
7098 7350
7099 1755
7099 5294
7099 6135
7099 3891
7099 7319
7099 5913
7099 5790
7099 7662
7099 3264
7099 3448
7099 4033
7099 7503
7099 7551
956 1390
956 5760
956 5732
956 3232
956 1898
956 1328
956 5388
956 4016
956 3786
956 1374
956 5960
956 5152
956 1002
956 1250
956 1312
956 1454
956 1754
956 1864
956 1946
956 4064
956 5278
956 7162
957 7319
957 1501
957 3448
957 7662
957 3264
957 5790
957 4033
957 4000
957 1725
957 5480
957 7551
957 7599
5058 5059
5058 7725
5059 5416
3012 3787
3012 3695
3013 3157
3013 5852
7114 1470
7114 1484
7114 1848
7114 7146
7114 5342
7114 1612
7114 5542
7114 5622
7114 2002
7114 7302
7114 1078
7114 7226
7115 1205
7115 1644
7115 3771
7115 5121
7115 5480
7115 3891
7115 1516
7115 7319
7115 4000
7115 4048
7115 7566
7115 3448
7115 3264
7115 7662
7115 7426
7115 7709
7115 7773
972 7582
972 7692
972 5327
972 1204
972 1234
972 3968
972 7210
973 6103
973 7211
973 1865
973 3449
973 1725
973 7583
973 4033
973 5121
973 4001
973 7773
5072 1235
5072 1596
5072 3189
5072 3188
5072 1344
5073 5216
3028 1220
3028 1251
3028 1360
3028 1580
3028 1816
3028 7772
3028 3304
3028 5898
3028 6134
3028 3216
3028 6070
3028 1390
3028 3510
3028 5684
3028 6054
3028 7724
3029 1079
3029 7567
3029 5121
3029 3648
3029 5790
3029 3264
3029 7662
986 3648
986 5590
986 1500
986 1914
986 1280
986 3140
986 7272
986 1613
986 3280
987 4080
7130 1078
7130 1329
7130 1704
7130 1848
7130 3060
7130 3526
7130 3770
7130 5088
7130 5185
7130 5342
7130 6102
7130 7302
7130 7708
7130 5746
7130 2002
7130 5184
7130 5494
7131 5481
5088 1078
5088 1094
5088 1612
5088 1848
5088 2002
5088 3060
5088 3092
5088 3124
5088 3526
5088 3770
5088 7302
5088 6102
5088 5342
5088 5746
5088 5494
5088 5184
5088 5185
5088 5326
5088 5976
5088 7286
5088 7550
5088 7708
5089 3400
5089 5761
3044 1280
3044 1500
3044 1724
3044 1784
3044 1914
3044 7646
3044 3938
3044 7272
3044 4000
3044 3264
3044 5790
3044 7662
3044 3140
3044 3368
3044 3448
3044 3846
3044 4032
3044 6038
3044 7502
3044 7676
3045 3833
3045 3939
3045 5639
3045 7366
3045 1471
3045 5104
3045 5623
1002 4016
1002 1454
1002 7162
1002 7630
1002 1898
1002 1390
1002 1328
1002 3232
1002 5760
1002 5732
1002 5388
1002 3968
1003 1159
1003 7195
1003 7647
1003 3141
1003 5836
1003 1769
1003 5201
1003 5639
1003 5791
1003 1329
7146 1329
7146 1470
7146 1484
7146 1832
7146 5168
7146 5326
7146 5542
7146 5622
7146 7550
7146 1704
7146 5184
7146 5494
7146 1612
7146 1848
7146 7226
7146 7303
7146 7412
7146 7786
7147 7741
7147 3496
7147 1251
7147 7319
7147 7567
7147 5685
7147 5733
7147 1094
7147 3092
7147 3124
5104 1375
5104 3833
5104 6054
5104 1580
5104 3616
5104 1220
5104 6134
5104 1816
5104 1768
5104 5898
5104 3890
5104 1188
5104 3480
5104 5559
5105 6055
5105 3833
3060 7708
3060 5342
3060 5746
3060 1848
3060 3770
3060 2002
3060 1704
3060 7302
3060 3108
3060 3352
3060 3847
3060 5416
3060 5804
3060 5899
3061 7242
1018 5294
1018 5976
1018 7440
1018 1800
1018 6071
1019 5343
1019 3157
1019 4065
1019 6118
1019 7709
7162 1296
7162 1516
7162 1755
7162 3496
7162 3510
7162 3786
7162 3890
7162 3906
7162 4016
7162 1390
7162 3232
7162 5388
7162 5760
7162 5732
7162 1898
7162 1328
7162 7399
7162 7440
7162 7724
7163 1865
7163 3305
7163 3587
7163 4049
7163 5961
7163 6103
7163 7211
7163 5685
7163 7567
7163 7195
7163 7413
7163 7441
7163 7455
7163 7757
5120 1188
5120 1516
5120 1768
5120 1960
5120 3480
5120 3816
5120 3890
5120 5820
5120 5558
5120 4016
5120 5960
5120 1374
5120 1754
5120 1864
5120 1946
5120 5278
5120 5248
5120 7399
5121 1281
5121 3862
5121 4049
5121 3891
5121 5913
5121 7583
5121 1725
5121 3449
5121 4033
5121 7211
5121 5638
5121 7426
5121 7519
5121 7709
5121 7773
3076 4081
3076 3248
3076 3249
3077 3969
3077 5137
1032 3665
1033 3217
1033 3906
7178 1406
7178 3156
7178 5232
7178 5432
7178 5774
7178 5852
7178 7210
7178 5200
7178 1914
7178 6008
7178 3832
7179 3385
5137 3969
3092 1094
3092 1454
3092 7740
3092 1612
3092 5622
3092 1848
3092 5542
3092 1204
3092 6102
3092 3124
3092 3496
3092 7741
1046 1047
1046 1532
1047 3321
1047 3757
7194 1800
7194 5294
7194 6071
7194 7440
7194 5976
7194 3846
7194 4048
7194 7566
7194 3264
7194 7662
7194 3448
7194 7383
7195 1159
7195 3511
7195 3141
7195 7211
7195 7631
7195 1865
7195 7663
5152 1062
5152 1266
5152 1328
5152 1374
5152 1390
5152 1754
5152 1864
5152 1898
5152 1946
5152 3232
5152 5278
5152 7630
5152 5760
5152 5388
5152 5558
5152 5670
5152 5732
5152 5960
5152 7318
5152 7382
5153 1947
5153 5654
5153 5465
3108 5416
3108 3847
3108 7210
3108 1204
3108 5804
3108 3694
3108 5899
3109 1705
1062 4064
1062 3891
1062 1946
1062 1864
1062 5960
1062 1374
1062 1754
1062 1281
1062 1297
1062 7426
1063 5217
7210 1204
7210 1406
7210 1626
7210 1724
7210 2034
7210 3156
7210 3188
7210 3368
7210 3832
7210 3968
7210 5232
7210 5373
7210 5402
7210 5448
7210 5774
7210 5912
7210 5928
7210 6008
7210 5327
7210 1234
7210 5200
7210 7582
7210 7692
7211 1627
7211 1725
7211 1865
7211 2003
7211 2019
7211 3305
7211 3587
7211 5685
7211 5733
7211 5961
7211 6103
7211 4033
7211 7413
7211 7455
7211 7519
7211 7567
7211 7583
7211 7757
5168 7303
5168 1832
5168 3336
5168 5342
5168 5542
5168 1848
5169 5201
5169 7583
3124 1454
3124 1094
3124 7740
3124 1612
3124 5622
3124 1848
3124 5542
3124 1204
3124 6102
3124 3496
3124 7741
1078 7302
1078 6102
1078 3770
1078 1848
1078 2002
1078 5342
1078 5746
1078 5494
1078 5184
1078 1612
1078 1704
1078 3526
1078 5185
1078 7286
1078 7550
1078 7708
1079 7567
1079 1329
1079 7412
1079 7631
1079 6009
1079 1297
1079 1769
7226 1470
7226 1484
7226 3664
7226 2002
7226 1832
7226 5494
7226 5184
7226 1704
7226 5746
5184 1329
5184 1704
5184 1832
5184 1848
5184 2002
5184 3336
5184 3770
5184 5494
5184 7550
5184 5326
5184 5746
5184 6102
5184 7302
5184 7286
5184 7412
5184 7454
5184 7756
5185 1329
5185 3526
5185 1848
5185 7550
5185 7302
5185 6102
5185 5326
5185 3770
5185 7708
5185 5494
5185 5976
5185 7412
5185 7454
5185 7756
3140 1500
3140 1613
3140 1755
3140 1914
3140 3648
3140 5590
3140 7646
3140 4032
3140 1784
3140 3938
3140 3280
3141 1159
3141 1725
3141 1501
3141 7319
3141 5913
3141 3497
3141 7583
3141 4033
3141 3281
3141 3337
3141 5821
3141 7273
3141 7441
3141 7519
3141 7647
3141 7693
1094 7740
1094 1612
1094 1454
1094 5622
1094 1848
1094 5542
1094 1204
1094 6102
1094 3496
1094 7741
1095 1597
1095 1596
7242 7773
7243 5869
7243 5868
5200 1204
5200 2034
5200 3832
5200 4080
5200 6008
5200 3846
5200 7662
5200 3264
5200 3448
5200 5790
5200 1234
5200 5232
5200 5373
5200 5432
5200 5480
5200 5575
5200 5774
5200 5912
5200 5928
5200 7350
5200 7598
5200 7740
5201 1189
5201 1297
5201 1455
5201 1769
5201 1817
5201 1849
5201 1883
5201 2035
5201 3281
5201 3787
5201 4049
5201 1501
5201 5791
5201 4033
5201 7583
5201 2003
5201 1725
5201 5481
5201 5671
5201 6009
5201 7273
5201 7519
5201 7647
5201 7693
3156 1406
3156 5774
3156 5232
3156 5432
3156 1930
3156 5327
3156 1234
3156 3320
3156 5852
3157 2035
1110 5805
1110 3616
7256 7257
7257 3202
7257 1987
5216 7454
3173 3353
1126 5591
1126 5733
1126 7319
1126 5343
1126 1501
1126 5913
1126 5685
1126 1127
1127 5591
7272 1280
7272 1296
7272 1500
7272 1724
7272 1784
7272 2034
7272 3264
7272 3448
7272 3449
7272 3648
7272 3846
7272 3906
7272 3938
7272 4000
7272 4032
7272 5402
7272 5590
7272 5790
7272 6038
7272 7646
7272 7319
7272 7598
7272 7662
7272 7676
7273 1455
7273 7786
7273 5791
7273 1832
7273 4033
7273 1501
7273 7412
7273 1329
5232 1344
5232 1406
5232 1439
5232 3188
5232 3203
5232 3320
5232 5774
5232 1914
5232 1234
5232 1930
5232 6008
5232 5432
5232 5373
5232 5852
5232 5868
5232 5869
3188 1143
3188 1344
3188 1613
3188 1930
3188 1931
3188 3189
3188 5327
3188 5448
3188 1234
3188 3203
3188 5373
3188 5868
3188 5869
3189 1344
3189 1931
3189 5373
3189 1930
3189 5448
3189 5670
1142 7427
1142 3496
1142 2035
1142 7741
1142 2003
1142 1455
1143 5853
1143 3305
7286 5746
7286 2002
7286 1848
7286 5494
7286 1704
7286 6102
7286 7302
7286 7287
5248 1188
5248 1516
5248 1768
5248 3480
5248 3890
5248 3816
5248 5820
5248 1960
5248 5558
5248 4016
5248 5960
5248 1374
5248 1754
5248 1864
5248 1946
5248 5278
5248 7399
5249 1987
3202 3726
3202 7502
3203 2034
1158 3586
1158 5821
1158 1281
1158 7677
1158 5279
1158 5700
1159 5836
1159 5639
1159 7647
1159 3939
1159 1769
7302 1612
7302 1848
7302 2002
7302 3526
7302 3770
7302 5342
7302 5494
7302 5746
7302 5976
7302 6102
7302 7550
7302 7708
7303 1470
7303 1485
7303 5542
7303 5342
7303 5746
7303 5326
7303 1704
7303 1848
3216 1360
3216 1801
3216 1882
3216 2018
3216 6070
3216 7772
3216 3304
3216 5684
3216 1220
3216 1816
3216 6134
3216 5898
3216 3616
3216 5510
3216 5961
3216 7631
3216 7724
7318 1312
7318 6039
7318 6070
7318 7630
7318 5960
7318 5278
7318 1754
7318 1374
7318 1946
7318 1864
7318 1898
7318 5760
7318 1390
7318 5388
7318 7631
7319 1251
7319 1266
7319 1296
7319 1297
7319 1455
7319 1725
7319 3305
7319 3449
7319 3496
7319 3497
7319 3771
7319 3847
7319 3891
7319 3906
7319 4033
7319 5343
7319 5685
7319 5733
7319 5913
7319 6071
7319 4000
7319 3938
7319 1280
7319 3846
7319 7662
7319 3264
7319 5790
7319 7351
7319 7486
7319 7551
7319 7567
7319 7741
5278 1374
5278 1754
5278 1864
5278 1946
5278 1960
5278 3816
5278 4048
5278 4064
5278 7630
5278 1328
5278 1390
5278 5760
5278 5388
5278 5558
5278 5670
5278 5820
5278 5960
5278 7382
5278 7566
5279 3496
5279 7741
5279 1986
3232 1250
3232 1312
3232 1328
3232 1390
3232 1454
3232 1898
3232 5760
3232 5732
3232 5388
3232 4016
3232 3786
3232 1374
3232 5960
3232 4064
3233 5403
3233 5929
3233 1785
1188 3480
1188 1960
1188 5820
1188 3816
1188 3890
1188 1516
1188 4016
1188 7630
1188 5558
1188 6054
1188 1768
1188 3586
1188 3891
1188 5670
1188 7399
1189 5543
1189 5791
1189 5733
1189 7583
1189 1266
1189 3649
1189 1251
1189 1501
1189 7567
1189 3617
1189 1267
1189 1833
1189 3984
7334 3787
5294 1755
5294 1800
5294 3862
5294 7440
5294 6071
5294 5976
5294 5543
5294 3891
5294 5542
5294 5358
5294 6135
5294 7383
3248 1375
3248 3510
3248 4064
3248 1501
3248 5558
3248 3249
3248 4081
3248 5559
3248 7366
3249 1581
3249 4081
1204 3968
1204 6008
1204 1234
1204 7692
1204 7582
1204 5327
1204 1724
1204 3832
1204 5606
1204 5912
1204 5928
1205 5654
1205 5716
1205 3787
1205 5717
1205 1915
1205 3353
7350 3832
7350 4080
7350 5480
7350 5575
7350 6008
7350 5790
7350 7662
7350 3448
7350 3264
7350 1234
7350 3938
7350 3846
7351 3511
7351 3527
7351 3710
7351 3711
7351 3305
7351 5685
7351 7741
5310 3817
3264 1784
3264 5790
3264 7662
3264 3448
3264 3846
3264 3938
3264 7646
3264 4032
3264 4000
3264 3586
3264 5511
3264 5575
3264 5590
3264 6038
3264 6071
3264 7366
3264 7502
3264 7551
3264 7599
3264 7677
3265 3771
3265 5747
3265 1251
3265 7412
3265 7399
3265 7567
3265 5358
3265 7486
1220 6134
1220 1816
1220 3304
1220 7772
1220 1360
1220 5684
1220 5898
1220 6054
1220 3616
1220 1251
1220 1501
1220 1580
1220 1801
1220 1882
1220 2018
1220 3510
1220 3906
1220 5389
1220 5510
1220 6070
1220 7399
1220 7677
1220 7724
1221 5359
1221 1532
7366 1471
7366 3939
7366 5559
7366 7676
7366 3448
7366 7662
7366 5790
5326 1329
5326 1704
5326 1832
5326 3526
5326 7550
5326 5494
5326 7708
5326 1848
5326 5342
5326 5746
5326 2002
5326 7412
5326 7454
5326 7756
5326 7786
5327 1234
5327 1296
5327 1313
5327 1406
5327 1626
5327 1914
5327 1930
5327 2034
5327 3368
5327 3832
5327 3968
5327 6008
5327 7582
5327 7692
5327 5402
5327 5416
5327 5448
5327 5606
5327 5685
5327 5747
5327 5912
5327 5928
5327 7598
3280 3648
3280 5590
3280 1500
3280 7676
3280 1724
3280 1914
3280 3938
3280 3846
3280 3543
3281 5543
3281 6009
3281 7503
3281 5913
3281 1769
3281 3282
1234 3968
1234 6008
1234 7692
1234 7582
1234 1296
1234 1313
1234 1406
1234 1626
1234 1627
1234 1914
1234 1930
1234 2034
1234 3368
1234 3496
1234 3832
1234 4080
1234 5373
1234 5402
1234 5416
1234 5448
1234 5606
1234 5747
1234 5868
1234 5912
1234 5928
1234 7598
7382 1250
7382 1266
7382 1769
7382 1768
7382 1454
7382 1754
7382 1946
7382 1864
7383 7440
7383 1800
7383 6071
7383 5976
5342 1704
5342 1848
5342 2002
5342 3336
5342 3770
5342 5746
5342 6102
5342 7708
5342 5542
5342 5622
5342 5976
5342 7412
5342 7454
5342 7756
5343 4065
5343 4033
5343 5733
5343 5913
5343 1501
5343 1725
5343 5685
5343 7583
1250 1768
1250 1251
1250 1454
1250 3786
1250 1390
1250 5732
1250 5760
1250 1328
1250 1898
1251 1768
1251 6134
1251 1816
1251 7631
1251 5684
1251 3304
1251 7772
1251 1360
1251 1266
1251 1297
1251 3497
1251 3665
1251 3891
1251 5389
1251 5791
1251 6039
1251 7567
1251 7677
7398 5977
7399 3665
7399 1312
7399 3480
7399 3890
7399 5820
7399 1960
7399 3816
7399 3510
7399 1801
7399 6070
7399 6054
7399 7518
7399 7614
3304 1360
3304 1501
3304 1580
3304 1768
3304 1816
3304 7772
3304 5898
3304 6134
3304 6070
3304 1390
3304 5684
3304 6054
3304 7724
3305 5685
3305 5733
3305 3847
3305 1865
3305 2003
3305 6103
3305 3587
3305 7455
3305 7741
5358 1533
5358 3862
5359 5372
5359 1281
1266 1454
1266 7740
1266 1946
1266 5960
1266 1754
1266 1864
1267 1817
7412 5961
7412 7550
7412 1704
7412 5494
7412 7708
7412 1848
7412 5746
7412 7567
7413 1961
7413 3907
7413 6103
7413 1725
7413 1865
7413 5913
7413 2003
7413 7567
7413 7693
7413 7441
7413 7503
7413 7519
3320 1549
3320 1313
3320 1439
3320 5869
3320 4081
3320 1406
5373 1344
5373 5448
5373 1930
5373 5868
5373 5670
1280 4000
1280 3938
1280 7646
1280 1784
1280 4032
1280 6038
1280 3846
1280 7662
1280 1626
1280 1724
1280 7676
1281 7426
1281 3891
1281 5543
1281 1361
1281 3862
1281 3984
1281 3985
1281 7503
1281 7709
7426 3862
7426 3891
7426 7709
7427 1899
7427 7534
7427 7615
3336 1329
3336 1484
3336 2002
3336 5542
3336 5746
3336 1848
3336 5622
3336 1704
3336 5494
3336 7454
3337 5913
3337 1501
3337 4033
3337 7441
5388 1312
5388 1328
5388 1374
5388 1390
5388 1454
5388 1754
5388 1864
5388 1898
5388 1946
5388 3786
5388 4016
5388 4064
5388 5760
5388 5732
5388 5960
5389 3527
5389 3891
5389 7631
5389 3510
5389 1516
5389 1501
5389 3616
5389 1816
5389 6134
1296 3694
1296 5804
1296 4000
1296 3510
1297 5791
1297 7631
1297 3891
1297 3496
1297 1501
1297 7741
1297 2035
1297 3497
7440 1800
7440 3771
7440 5976
7440 6071
7440 3890
7440 1754
7440 1374
7440 1946
7440 7486
7441 3497
7441 7502
3352 4048
3352 7566
3352 3510
3353 5716
3353 3757
5402 6008
5402 3832
5402 2034
5402 3968
5402 3938
5402 4000
5402 4032
5402 5992
5403 3542
5403 5929
7454 5821
7454 1848
7454 5746
7454 2002
7454 5494
7454 1704
7454 7550
7455 6103
7455 1865
7455 2003
7455 7757
1312 5732
1312 5760
1312 1898
1312 1390
1312 1328
1312 4016
1312 1801
1312 1517
1312 6039
1312 7614
1312 7631
1313 5869
1313 7724
1313 5868
3368 5912
3368 6008
3368 3968
3368 1784
3368 7646
3368 5944
3369 4049
3369 5716
3369 5717
3369 3787
5416 3694
5416 3847
5416 5899
5416 6008
5416 3968
5416 5804
5417 3694
7470 5433
7470 7471
1328 1390
1328 5760
1328 5732
1328 1898
1328 4016
1328 3786
1328 1374
1328 5960
1328 1454
1328 1754
1328 1864
1328 1946
1328 4064
1329 7550
1329 5494
1329 1848
1329 1704
1329 3770
1329 1769
3384 1688
5432 1406
5432 5774
5432 5852
5432 4048
5432 7566
5432 5853
5432 5929
5433 1564
5433 3726
5433 5464
5433 5527
5433 5465
7486 3771
7486 5747
7486 5913
7486 6071
7486 3891
7486 5733
1344 5869
1344 1345
1344 5868
1344 1930
1344 5448
1345 7740
1345 4048
1345 7566
1345 3846
1345 5558
3400 1438
3400 1439
3400 1931
3400 4080
3400 3401
3401 1438
3401 1439
3401 3481
5448 1931
5448 5912
5448 1930
5448 6008
5449 6039
7502 5790
7502 3448
7502 7662
7502 3846
7502 3616
7502 7646
7502 1784
7502 4032
7503 3862
7503 3985
7503 5543
7503 6009
7503 7693
1360 7772
1360 5898
1360 1816
1360 6134
1360 6070
1360 1390
1360 1501
1360 1580
1360 3510
1360 5684
1360 6054
1360 7724
1361 3787
1361 5716
1361 5717
1361 4049
1361 1915
3417 3863
3417 5481
5464 3557
5464 5465
5465 1947
1374 1864
1374 1946
1374 1754
1374 7630
1374 1390
1374 5760
1374 1898
1374 1960
1374 3816
1374 4048
1374 4064
1374 5558
1374 5670
1374 5732
1374 5820
1374 5898
1374 5960
1374 7566
1375 7677
1375 3833
1375 3496
1375 3664
7518 4017
7518 3771
7518 5747
7518 3510
7518 4048
7518 7566
7519 5623
7519 7693
7519 2003
7519 1725
7519 4033
7519 6103
3432 3433
3432 1422
5480 2034
5480 6008
5480 3449
5480 7724
5480 3832
5480 5526
5481 4017
5481 2003
5481 4033
1390 5760
1390 5732
1390 1898
1390 4016
1390 3786
1390 5960
1390 1454
1390 1754
1390 1864
1390 1946
1390 4064
1390 5684
1390 7772
1391 7551
1391 5700
1391 5623
7534 1485
7534 3586
5494 1704
5494 1832
5494 2002
5494 3770
5494 7550
5494 1848
5494 5746
5494 6102
5494 7756
5495 3984
5495 1817
3448 5790
3448 7662
3448 3846
3448 3938
3448 7646
3448 4032
3448 1784
3448 4000
3448 3586
3448 5511
3448 5575
3448 6038
3448 6071
3448 7551
3449 2035
3449 4033
3449 7583
3449 1725
3449 1501
3449 5733
3449 3891
3449 4001
3449 5671
3449 7773
1406 5774
1406 1930
1406 5852
1407 6086
1407 5775
1407 4001
7550 1704
7550 1832
7550 1848
7550 6102
7550 7756
7550 7786
7551 3771
7551 6071
7551 5790
7551 7662
7551 5913
7551 3846
7551 3891
7551 4000
5510 1517
5510 1801
5510 1882
5510 2018
5510 6070
5510 3616
5510 1816
5510 6134
5510 5898
5510 6054
5510 5559
5510 5791
5510 7614
5511 1613
5511 3664
5511 1724
5511 7676
5511 1517
5511 7662
5511 5790
5511 7599
5511 7709
3464 5574
1423 1883
1423 3939
7566 3616
7566 4048
7566 5575
7566 7630
7566 1946
7566 1754
7566 1864
7567 1627
7567 2019
7567 7631
7567 5685
7567 5733
7567 7709
5526 3740
5526 5928
5526 1724
5526 5884
3480 1516
3480 1768
3480 1960
3480 5820
3480 3816
3480 3890
3480 4016
3480 7630
3480 5558
3480 6054
3480 3586
3480 3891
3480 5670
3481 1438
3481 1439
1438 1439
1438 4080
1438 1931
1438 3573
1438 3923
7582 3968
7582 7692
7583 1725
7583 1833
7583 1849
7583 1883
7583 2003
7583 3617
7583 3787
7583 4033
7583 4049
7583 5671
7583 5733
7583 5913
7583 1501
7583 7647
7583 7693
5542 1470
5542 1484
5542 1485
5542 1612
5542 1832
5542 5622
5542 2002
5542 5746
5542 1848
5543 1817
5543 1849
5543 3497
5543 3862
5543 3985
5543 6009
5543 3771
5543 5733
5543 6039
5543 3891
5543 5913
5543 6135
5543 7693
3496 7741
3496 4016
3496 6008
3496 1516
3496 4000
3496 3497
3496 3906
3497 5821
3497 3891
3497 3586
3497 5913
3497 3907
1454 5732
1454 5760
1454 1898
1454 5685
1454 6039
1454 7631
1455 5791
1455 1501
1455 4033
1455 1485
1455 2003
1455 7647
7598 6008
7598 3968
7598 3832
7598 4016
7599 4033
7599 1501
3510 1816
3510 6134
3510 1516
3510 4016
3510 5558
3510 5684
3510 3906
3510 5747
3510 7614
5558 1516
5558 1960
5558 3816
5558 3891
5558 1864
5558 1946
5558 5960
5558 1754
5558 5820
5558 4016
5559 1471
5559 1882
5559 2018
5559 5913
5559 1801
1470 7676
1470 1832
1470 1517
1470 5622
1470 1485
1470 3664
7614 1882
7614 2018
7614 1801
7614 3616
7614 6071
3526 7708
3526 3770
3526 6102
3526 1704
3527 5913
3527 3711
5575 7662
5575 5790
1484 1832
1484 5622
1484 2002
1484 5655
1484 7786
1485 3586
1485 7663
7630 1516
7630 1754
7630 1864
7630 1946
7630 3616
7630 4016
7630 4048
7630 5670
7630 5960
7631 6039
7631 5732
5590 1500
5590 1613
5590 1914
5590 3648
5590 3938
5590 1768
5590 4000
1500 3648
1500 1914
1500 7646
1500 1784
1500 4032
1500 4000
1500 1613
1500 1755
1501 6054
1501 1816
1501 6134
1501 1580
1501 3616
1501 5898
1501 1883
1501 3891
1501 4033
1501 5791
1501 5913
1501 6009
1501 6071
1501 7647
7646 1724
7646 1784
7646 1914
7646 3846
7646 3938
7646 4000
7646 4032
7646 5790
7646 6038
7646 7662
7646 7676
7647 1769
7647 3939
7647 5836
7647 1725
7647 4033
7647 5791
3556 3952
3557 1986
3557 3678
5606 3968
5606 6008
5607 1987
1516 4016
1516 3816
1516 5820
1516 1960
1516 3890
1516 2034
1516 3891
1516 3906
1516 5747
1517 7676
1517 1801
1517 1724
1517 1882
1517 2018
1517 3890
1517 3664
7662 1784
7662 3586
7662 3846
7662 3938
7662 4000
7662 4032
7662 5790
7662 6071
7662 7677
7663 1627
3572 3833
3572 5639
3573 3923
5622 1612
5622 1832
5622 2002
5622 5746
5622 1848
5622 1704
5622 7740
5623 5638
1533 5977
7676 1724
7676 3664
7676 5928
7676 4000
7676 4032
7676 1784
7676 3938
7677 3616
7677 5913
7677 6134
7677 1816
7677 5790
3586 6054
3586 3890
3586 1580
3586 3891
3586 5790
3586 5821
3587 6103
3587 1865
3587 1725
5638 5913
5638 6071
5639 1674
5639 1769
5639 3833
5639 3939
5639 3953
5639 6024
5639 6055
1548 3985
1548 5869
7692 3968
7693 1725
7693 5913
7693 6009
3601 1645
3601 1644
1564 5884
1564 3726
7708 3770
7708 1848
7708 6102
7708 1704
7708 5746
7708 7740
7709 3891
7709 7773
3616 1816
3616 1882
3616 2018
3616 5898
3616 4048
3616 6134
3616 6054
3616 6070
3616 7724
3617 1725
3617 4033
3617 2003
5670 1931
5670 3890
5670 5960
5670 1946
5670 1754
5670 1864
5670 4016
5671 3787
5671 4033
5671 2003
5671 1725
5671 7773
1580 6054
1580 6134
1580 1816
1580 3890
1580 5684
1580 7772
1580 3665
1580 7724
1581 3801
1581 3800
7724 6134
7724 1816
7724 5684
7724 7772
7724 5898
7724 6054
7725 7787
7725 3787
3632 1833
3632 3633
3632 2019
3633 2019
3633 1833
5684 1768
5684 1801
5684 1816
5684 7772
5684 5898
5684 6134
5684 6070
5684 6054
5685 1627
5685 1865
5685 2003
5685 2019
5685 3649
5685 3847
5685 5733
5685 4033
5685 3968
5685 6103
5685 7741
5685 7757
1596 5945
1596 1849
7740 1612
7740 7741
3648 1613
3648 1914
3648 3938
3649 2003
3649 2019
3649 4033
3649 1725
3649 5961
1612 6102
1612 1848
1612 3770
1612 1832
1613 1914
7756 1848
7756 2002
7756 5746
7756 6102
7757 1817
7757 6103
7757 1865
3664 5913
3664 1832
5716 1915
5716 3787
5716 5717
5717 1915
5717 3787
1626 3786
1627 5791
1627 5733
1627 3938
7772 1801
7772 1816
7772 5898
7772 6070
7772 6134
7773 5761
7773 4033
3678 1986
5732 1898
5732 3786
5732 4016
5732 4064
5732 5760
5732 5960
5733 1833
5733 1849
5733 1865
5733 2003
5733 2019
5733 3847
5733 4033
5733 5899
7786 1704
7786 1832
1644 3756
1644 1645
1645 3756
3694 5804
3694 3847
5746 1704
5746 1848
5746 2002
5746 3770
5746 6102
5746 5976
5747 3771
5747 6008
5747 3891
5747 6038
5747 3968
5760 1754
5760 1864
5760 1898
5760 1946
5760 3786
5760 4016
5760 4064
5760 5960
1675 4001
5774 1914
5774 6008
5774 3832
5774 5852
5775 4001
5775 5928
1688 3787
3740 1724
3740 5928
3740 3786
5790 1784
5790 3846
5790 3938
5790 4032
5790 4000
5790 6038
5790 6071
5791 1769
5791 4049
5791 1801
5791 4033
5791 1882
5791 2018
5791 6039
1704 1848
1704 2002
1704 3770
1704 1832
1705 5912
5804 3847
3770 1848
3770 2002
3770 6102
3771 3891
3771 6071
3771 5913
3771 4017
1724 5928
1724 4032
1724 1784
1725 4033
1725 1865
1725 2003
1725 5913
1725 6103
5820 1768
5820 1960
5820 3816
5820 3890
5820 4016
5820 5960
5820 1754
5820 1864
5820 1946
5821 3891
3786 1898
3786 4016
3786 3890
3787 1915
3787 4049
5837 1987
3800 3801
1754 1864
1754 1946
1754 1960
1754 3816
1754 4048
1754 4064
1754 5960
1755 3891
1755 6135
1755 5913
1755 1914
1768 3816
1768 1960
1768 3890
1769 6009
1769 3833
1769 3939
1769 6055
3816 1960
3816 3890
3816 4016
3816 5960
3816 1864
3816 1946
5868 5869
5868 1930
5869 1930
1784 3938
1784 4000
1784 1914
1784 3846
1784 4032
1784 6038
1785 3906
1785 1961
3832 6008
3832 3968
3832 3938
3832 4080
3833 3939
3846 3938
3846 4000
3846 4032
3847 5899
1800 5976
1800 6071
1801 2018
1801 1882
1801 6070
1801 1816
1801 6134
5898 1816
5898 1882
5898 2018
5898 6134
5898 6054
5898 6070
5899 4033
3862 5913
3862 6135
3862 3985
1816 6134
1816 6054
1816 1882
1816 2018
1816 3906
1816 6070
1817 6039
1817 6009
5912 1931
5912 6008
5912 3968
5912 3890
5913 4033
5913 3891
5913 6071
3876 6009
1833 2019
1833 4033
5928 3968
5928 6008
3890 1960
3890 4016
3891 4016
3891 6071
3891 6135
1848 6102
1848 2002
1848 5976
1849 1883
3906 6134
3906 4000
3907 1961
3907 6118
1864 1946
1864 1960
1864 4048
1864 4064
1864 5960
1865 6103
1865 4033
5960 1898
5960 1960
5960 4064
5960 1946
5976 6071
5976 6102
1882 6070
1882 6134
1882 6054
1882 2018
1883 4033
1883 2003
1883 6009
3938 2034
3938 4032
3938 4000
3938 6008
3938 6038
5992 3952
1898 4016
1898 4064
1899 4017
6008 2034
6008 3968
6008 4080
1914 4032
1915 4049
3968 2034
6024 6025
1930 1931
1931 4080
6038 4032
6038 4000
6039 6135
1946 1960
1946 4048
1946 4064
4000 4032
6054 2018
6054 6134
1960 4016
1962 6119
6070 2018
6070 6134
4033 2003
4033 2019
4033 6103
4049 6103
2002 6102
4065 6118
2018 6134
4094 4095
