4099 1663
4099 5826
4100 1633
4100 3516
4100 4864
4100 7088
4100 2985
5 7445
6 4769
6 1569
6 6448
6 1444
2055 238
2055 359
2055 1177
2055 1272
2055 5917
2055 2072
2055 3289
2055 3745
2055 3746
2055 3927
2055 5903
2055 6339
2056 515
2056 6994
2056 6723
2056 897
2056 2969
6153 438
6153 1506
6153 7523
6153 6771
6154 1067
6154 1068
6154 3001
6154 5078
6154 6804
6154 7682
6154 5918
4115 5063
4115 4054
21 2658
21 1887
21 1380
22 608
22 5965
2071 531
2071 1476
2071 3238
2071 3033
2072 1395
2072 3927
2072 3114
2072 4268
2072 6339
6169 867
6169 1663
6169 2246
6169 2481
6169 5766
6169 6124
6169 6978
6169 437
6169 3098
6169 6243
6170 6978
6170 6308
6170 4192
6170 2481
4129 2497
4129 7636
4129 6568
4129 4378
4130 5643
4130 5499
35 4591
35 3145
35 5190
35 2658
36 7026
36 4592
36 4665
36 4847
2087 1163
2087 1164
2087 2985
2087 2986
2087 2088
2087 851
2087 5500
2088 6029
2088 2986
6183 1023
6183 3515
6184 1132
6184 5595
6184 5628
6184 3049
4145 1951
4145 3066
4145 3851
4145 3896
4145 5904
4145 4006
4145 4175
4145 4377
4145 5331
4145 6521
50 7668
50 3912
50 146
50 1991
51 4846
51 5267
51 7340
51 977
2103 422
2103 698
2103 1148
2103 1663
2103 2104
2103 6978
2103 2481
2104 422
6199 2275
6199 3669
6199 4813
6199 6200
6200 1586
6200 4332
6200 4813
6200 5408
6200 3253
4159 3700
4159 5002
4159 4160
4159 6551
4159 5965
4160 3700
4160 5002
4160 3341
4160 5238
67 6107
67 4908
68 2545
68 2039
68 485
68 3066
6213 1537
6213 2212
6213 4743
6213 6060
6213 2864
6213 7104
6214 2213
6214 4315
6214 5126
6214 2847
6214 5904
6214 4175
2119 6521
2119 3562
2119 3775
2119 4622
4175 193
4175 2847
4175 5904
4175 2197
4175 4533
4176 1164
4176 1992
4176 2705
4176 3222
4176 6324
4176 5779
4176 2212
83 2498
83 485
84 485
84 4377
84 4682
84 2940
2133 7681
2133 4347
2133 6945
2134 5238
2134 1710
2134 5190
2134 3357
6227 4575
6227 3745
6228 222
6228 991
6228 992
6228 1317
6228 1318
6228 3622
6228 5347
6228 5348
6228 6043
6228 7071
6228 6913
6228 7371
6228 7372
4191 1286
4191 2386
4191 2923
4191 4021
4191 5032
4191 4192
4192 2386
97 2590
97 6945
97 2753
97 6977
97 2416
98 437
98 4518
98 4268
98 3716
6243 6124
6243 6244
6243 6308
6243 6978
2149 2986
2149 851
2149 2985
2149 7418
2149 3177
2149 5596
2150 2690
2150 6897
2150 5949
4207 1380
4207 2626
4207 2641
4208 2385
4208 3177
4208 820
113 114
113 761
113 1970
113 2371
113 2497
113 4284
113 4971
113 5780
6259 6260
6260 5965
6260 1428
6260 5002
6260 7492
2165 1285
2165 7475
2166 311
2166 930
2166 1178
2166 5825
2166 6691
2166 4987
2166 1920
4223 486
4223 3113
129 1773
129 1774
129 5547
129 2039
129 7231
129 3081
130 453
130 2738
130 2607
130 4592
130 5933
130 7729
130 3577
130 5858
6275 762
6275 1008
6275 2690
6275 2721
6275 2831
6275 2923
6275 4006
6275 4755
6275 5690
6275 5779
6275 6447
6275 6756
6275 6897
6275 6994
6276 3033
6276 3761
6276 4756
6276 5110
6276 5332
6276 6308
6276 7604
2181 5981
2181 867
2181 7387
2182 7340
2182 7730
2182 3130
4237 7418
4237 2986
4238 5017
4238 5018
4238 3309
4238 5438
4238 7119
145 3912
145 146
145 2895
145 3341
145 4485
145 5048
145 6583
145 7667
145 7668
146 3912
146 4891
146 5048
146 7010
6292 343
6292 1411
6292 1951
6292 3017
6292 4085
6292 4877
6292 6076
2197 162
2197 163
2197 2847
2197 4742
2197 5904
2197 4533
2197 3851
2197 6993
6293 3605
6293 5548
6293 2848
4253 2801
4253 3547
4253 5173
4253 5110
162 1522
162 2847
162 2514
163 2924
163 4742
163 1317
2212 1537
2212 4743
2212 2864
2212 6060
2212 5125
2213 6447
6307 6108
6307 6644
6307 327
6308 1663
6308 3033
6308 5110
6308 5531
6308 5532
6308 6124
6308 6978
4267 6599
4267 6123
4267 2245
4268 437
4268 1395
4268 3547
4268 5644
177 251
177 2785
178 5548
178 470
178 5737
178 4377
178 7791
178 3621
6323 1023
6323 1521
6323 6803
6323 4972
6323 6930
6323 6945
6324 1164
6324 1790
6324 2737
6324 3222
6324 3637
6324 5934
6324 4742
6324 6403
2229 4682
2229 1505
2229 4681
2230 6599
2230 2769
2230 1052
2230 868
2230 1428
4283 1084
4283 3161
4283 4284
4283 4576
4284 2371
193 238
193 1177
193 2863
193 4622
6340 343
6340 2415
2245 1051
2245 1052
2245 1428
2245 4347
2245 6599
2245 4299
2245 7681
2246 5766
2246 5017
2246 2481
2246 5596
2246 6978
4299 1052
4299 1729
4299 1428
4299 4863
4299 7041
4300 6044
4300 5595
4300 6388
4300 5628
4300 5660
207 2448
207 1285
207 3207
207 4022
207 4361
208 6691
208 1116
208 3325
6355 4847
6355 4877
6355 7791
6355 7120
6355 1024
6355 7572
6355 2785
6356 7056
2261 1178
2261 3621
2261 5348
4315 1951
4315 5904
4315 2847
4316 406
4316 913
4316 1919
4316 3309
4316 3358
4316 6507
4316 6772
4316 5017
4316 7088
4316 7119
221 1271
221 6614
221 7152
222 7071
222 5690
222 992
222 991
222 1521
222 1710
222 5238
222 5347
222 7588
2275 3669
2275 2276
2275 7278
6371 6372
6372 3421
4331 1679
4331 7713
4331 698
4332 4037
4332 5408
237 713
237 6417
237 6075
237 2970
238 3238
238 3373
238 3065
238 714
2291 7539
2292 389
2292 4987
2292 516
2292 3034
2292 3653
2292 7355
6387 5063
6387 5064
6387 5611
6387 6866
6388 5660
6388 6044
6388 3605
251 6755
251 2785
251 1024
251 7167
251 7792
252 7248
252 5825
252 5454
4347 1051
4347 1052
4347 1428
4347 1664
4347 1729
4347 7681
4347 3421
4347 4972
4347 6599
6402 6030
6402 2986
2307 7432
2307 1256
2307 3867
2308 6491
6403 2480
6403 2737
266 4021
4361 1969
4361 4022
4361 1505
4361 4682
4362 1396
4362 2448
6417 713
6417 897
6417 929
6417 3374
6417 6075
6417 6418
6417 2970
6418 713
6418 897
6418 929
6418 1380
6418 2626
6418 2970
6418 3374
2323 7292
2323 6691
2324 280
2324 1585
2324 3342
2324 5689
2324 3341
2324 5531
2324 5532
279 7508
279 7539
279 7745
280 5109
280 3342
280 3341
4377 697
4377 2498
4377 5348
4377 4378
4377 5857
4378 7636
6433 1023
6433 3928
6433 7651
6433 7055
2339 6108
2340 6567
2340 5810
295 7714
295 5253
295 3406
296 5982
296 5393
4393 3049
4393 3421
4393 5917
4393 6803
4393 6030
6447 4607
6447 5690
6448 5917
2355 2356
2355 7792
2355 5644
2356 5765
311 3591
311 1132
311 6091
312 373
4407 5516
4407 3270
4408 1838
4408 438
4408 6771
4408 1506
4408 7523
4408 5001
6461 6462
6461 7556
6461 7371
6461 6898
6461 7555
6461 3238
6461 1476
6461 1505
6462 7555
2371 761
2371 1970
327 1936
327 5364
327 5393
327 4756
327 7087
328 4892
328 1067
328 7682
328 2559
328 5780
328 4923
4423 421
4423 962
4423 3715
4423 3716
6475 3699
6475 5965
6476 4972
6476 3421
2385 546
2385 820
2385 898
2385 7308
2385 5998
2385 2432
2385 5628
2385 6898
2386 1286
2386 5032
2386 2923
343 2415
343 4877
344 4756
344 2738
4439 881
4439 2530
4439 5300
4440 5660
6491 6882
6492 1805
6492 5596
6492 6675
6492 3531
2401 819
2401 4891
359 5918
359 5917
359 4622
359 5469
359 6537
360 5918
360 5917
360 3097
360 2480
360 835
360 2575
360 6044
6507 406
6507 913
6507 6772
6507 7262
6508 914
2415 546
2415 545
2415 1853
2415 3912
2415 992
2416 1951
373 7476
373 6771
374 2815
374 1586
374 2816
4469 3161
4470 5348
4470 992
4470 7087
6522 3562
2431 1366
2432 946
2432 3927
2432 4682
389 3745
389 390
389 515
390 7056
390 3745
390 4575
390 5110
390 5332
390 6930
4485 3912
4486 1334
4486 2753
4486 2754
4486 3485
4486 3486
4486 6946
6537 7388
6537 5918
6537 5917
6537 3895
6538 1711
6538 7356
6538 6644
6538 4814
2447 930
2447 1285
2447 4988
2447 6140
2447 3325
2447 4666
2447 6139
2447 6850
2447 7292
2448 1226
2448 1396
2448 7730
2448 2530
2448 3207
2448 3638
2448 4021
2448 7103
405 7651
405 882
406 6772
406 913
406 5017
406 7262
4501 5918
4502 1970
4502 5580
6551 3700
6551 5002
6551 6552
6551 7136
6551 745
6551 3130
6551 5237
6552 745
6552 746
6552 3374
6552 7136
2463 575
2463 576
2463 5752
2463 454
2463 5751
2464 1710
2464 5238
2464 3341
2464 5874
421 3716
421 3715
421 962
421 806
422 3837
422 1854
4517 501
4517 651
4517 1209
4517 2770
4518 7404
4518 3098
4518 867
4518 2590
4518 437
6567 5810
6567 7476
6567 438
6567 745
6568 7636
2480 2986
2480 5499
2480 2545
2480 5332
2481 5766
2481 6978
2481 6124
2481 867
437 867
437 3098
437 2590
438 1506
438 7523
438 6771
438 4038
438 5001
438 7491
4533 2847
4533 4742
4533 6993
6583 545
6583 5047
6584 7791
6584 5737
6584 7572
6584 7025
2498 485
2498 7072
4547 608
4547 2023
4547 2721
4547 5268
4547 6755
4547 6740
453 2738
453 4592
453 3454
453 2607
454 7730
454 6819
454 4592
454 4814
454 6059
6599 1051
6599 1052
6599 6977
6600 6977
6600 7476
6600 3269
2513 1333
2513 2786
2513 5809
2513 5737
2513 5795
2513 7307
2514 5109
2514 1838
2514 7009
4561 4005
4561 5579
4561 1084
469 3989
469 1969
469 5422
470 5548
6613 532
6613 1490
6613 6614
6614 1553
6614 7152
4575 515
4575 3745
4576 3310
4576 4005
2529 5470
2530 3325
2530 5300
6627 7431
6628 6707
6628 1083
485 2940
486 3114
4591 3145
4592 2738
4592 6819
4592 7417
4592 7730
2545 3606
6643 4987
6643 6691
6643 7540
6644 5001
6644 7356
6644 7523
6644 1506
501 651
501 592
501 1209
501 2770
501 3562
501 3715
2559 7682
2559 4892
2559 4987
2559 5997
2559 6804
2560 3532
4607 1649
4607 6994
4607 4006
4607 6107
4607 6756
515 3746
515 5982
515 6723
516 4987
516 3974
6659 6660
6659 3501
6660 3605
6660 5917
4621 3638
4621 5174
4621 1226
4621 4622
4622 5841
4622 3325
4622 5174
2575 1870
531 1476
531 3238
532 3638
532 5174
532 946
6675 1805
6675 1711
6675 1318
6675 991
6676 6059
6676 776
2589 5965
2589 3699
2589 5002
2589 3222
2589 5842
2590 1100
2590 1664
2590 2753
2590 3486
2590 6945
2590 6946
4637 1459
4637 1904
4637 3515
4637 7323
545 3912
545 1854
546 7308
546 820
6691 7540
4651 851
4651 852
4651 1349
4651 3895
4651 5485
4651 2986
4651 868
2606 1024
2606 4891
2606 5809
2606 7167
2606 6961
559 5595
559 5109
559 560
2607 5933
2607 3454
2607 2738
6708 3145
6708 4972
6708 5190
6708 3421
4665 1427
4665 7168
4665 7261
4666 819
4666 1285
4666 3309
4666 5437
4666 5738
575 5752
575 5751
575 576
576 5751
576 7104
2625 3912
2626 1380
6723 1694
6723 5237
6723 5407
6723 5238
6724 3911
6724 7184
6724 7587
6724 7262
6724 5048
4681 3989
4681 4682
4682 1969
4682 3989
4682 1505
4682 3238
4682 7746
591 3309
591 1052
591 3374
592 651
2641 1380
2641 4864
2641 4892
2641 5157
2642 4892
2642 7682
6739 5253
6739 1443
6740 1443
6740 6787
6740 7587
4697 5765
4698 5596
4698 4891
4698 6755
607 851
607 1163
607 5499
607 6962
608 6755
608 7491
608 5965
608 6787
2657 5377
2657 2658
2657 6059
2657 4830
2658 6930
6755 2023
6755 5077
6755 6787
6755 7792
6755 1285
6756 762
6756 2923
6756 4006
6756 1038
4713 2674
4713 3761
4713 5981
4713 7507
4714 1821
621 5547
621 6013
621 1773
621 5499
622 2986
2673 3716
2674 7476
6771 1506
6771 7523
6771 7476
6772 913
6772 1919
6772 7262
637 1444
637 684
637 3162
2689 5221
2689 2939
2690 762
2690 4006
2690 5690
2690 6898
2690 5779
2690 5949
2690 6897
2690 7555
6787 1991
6787 2023
6787 6929
6788 2039
6788 3821
6788 5998
4742 1210
4742 1522
4742 2847
4742 6993
4743 1537
4743 1538
4743 2864
4743 2924
4743 6060
4743 5125
651 1209
651 2770
652 3237
2705 1164
2705 1992
2705 3222
2706 2738
2706 7791
2706 668
4755 6030
4756 2738
4756 3591
6803 945
6803 5627
6803 4972
6803 3421
6804 1067
6804 1068
6804 1569
6804 1601
6804 3001
6804 4923
6804 5078
6804 5874
6804 5918
6804 7682
6804 6835
667 914
667 2923
667 945
668 5611
668 7697
668 3193
668 5018
668 6866
2721 1210
2721 4006
2721 762
2722 1038
2722 1522
2722 4783
4769 1569
4769 7682
4770 1871
4770 6945
4770 1427
6819 3469
6819 7730
6819 7417
6819 7183
6820 5237
6820 5238
6820 5515
6820 6865
6820 7216
683 7791
683 7071
683 5737
683 2895
683 5809
683 992
683 1710
683 3621
683 7792
684 1444
4783 5563
4783 7432
4784 1256
4784 3867
4784 1194
2737 5917
6835 6836
6835 7682
6835 1617
6835 6977
6835 1068
6836 3501
6836 7620
6836 6977
6836 1617
6836 4085
6836 7619
697 698
697 1301
697 1444
698 1679
698 1935
698 1444
4799 5918
4799 5917
4799 4813
4800 1617
4800 3437
4800 3881
2753 1334
2753 3485
2753 6946
2753 3486
2753 2754
2753 3547
2753 5644
2754 1334
2754 3485
2754 7404
2754 6946
2754 3254
2754 3486
6849 6850
6850 3177
6850 4987
6850 4988
6850 7292
713 2970
713 6075
713 897
713 929
713 714
713 3374
714 3374
714 7009
714 5890
4813 5470
4814 1553
2769 1239
2769 4830
6865 4955
6865 6961
6866 978
6866 7697
729 1475
730 1256
730 961
4829 5469
4830 1745
4830 6059
2785 1024
2785 7167
2785 7572
2785 5889
2785 7010
2785 7307
2786 852
2786 1333
2786 7791
2786 5737
2786 5548
2786 5795
2786 5810
2786 7025
2786 7307
6881 1602
6881 1805
6881 1806
6881 3531
6881 4956
6882 820
745 746
745 5810
745 5873
745 1350
745 3130
4846 2909
4846 3002
4846 3895
4846 5267
4846 5795
4847 3791
4847 5809
4847 7120
4847 7232
2801 5110
2801 5031
6897 6898
6897 7555
6897 1256
6898 7308
6898 5779
6898 7555
6898 7556
762 4006
762 5690
762 776
762 1649
762 2831
762 2923
762 5779
2815 1790
2815 3049
2815 868
2815 2816
2815 7459
2816 5077
2816 5595
4863 1729
4863 1428
4864 1115
4864 1116
4864 5157
4864 7088
6913 1318
6913 5347
6913 3851
6913 5348
6913 7372
6913 7151
6913 7651
6914 1871
775 1084
775 3270
776 4006
776 5126
2831 4006
2831 5779
2831 5795
2832 897
2832 3097
6929 1991
6930 5332
6930 5110
4891 1024
4891 7167
4891 5722
4892 7745
4892 820
4892 5903
2847 1210
2847 5904
2847 6993
2847 7777
2848 3405
6945 3486
6945 5644
6945 6946
6946 3485
6946 3486
805 1443
806 1443
806 5158
4907 5950
4907 5516
4907 2940
4907 3082
4908 5315
4908 6107
4908 7087
2864 1537
2864 6060
2864 2924
2864 5125
6961 3621
6961 4955
6961 5063
6961 7697
6961 7668
6962 3805
6962 2986
6962 5644
6962 7356
819 3486
820 7308
820 3927
820 898
4923 1067
4923 1226
4923 7682
4923 4924
2879 3270
2880 882
2880 1131
6977 1285
6977 7571
6977 7603
6978 5766
6978 867
835 3097
836 5918
836 5917
836 3637
4940 4053
4940 1163
2895 7791
2895 7307
2895 7010
6994 5690
6994 4006
6994 3851
851 1349
851 2986
851 7418
851 852
851 1099
851 3895
851 5485
851 5499
851 5934
852 5485
852 1349
4955 7620
4955 2969
4955 977
4956 961
2909 3895
2909 3034
7009 5109
7009 3531
7010 7167
7010 1024
867 1100
867 3098
867 1790
868 945
868 1428
868 5077
868 5377
868 6059
2923 4006
2924 5904
4972 945
4972 3421
4972 3775
882 1131
7025 5737
7025 7791
7025 7572
7026 1334
7026 1586
2939 4006
2940 5874
2940 5705
4987 2955
4987 4988
4987 5825
4987 6139
4987 6140
4987 7247
4988 1301
4988 1693
4988 7292
4988 5454
4988 5453
4988 6139
4988 6140
4988 7508
4988 7539
897 2970
897 2969
897 3097
898 7308
898 5998
7041 7603
7041 3309
5001 7697
5001 7523
5001 1506
5001 7215
5001 7491
5001 7571
5002 3700
5002 5965
5002 7199
5002 7492
5002 3699
2955 6140
2955 6139
7055 7651
7056 5890
913 1919
913 7262
2969 5407
2970 1285
2970 1837
2970 3374
2970 6075
5017 3309
5017 3358
5017 7262
5017 7762
5018 1919
5018 3438
7071 992
7071 5093
7071 5347
7071 5348
7071 6043
7072 5348
929 7730
929 3207
929 3374
929 7387
930 6139
930 5873
930 6140
5031 3288
5032 1286
5032 4021
2985 2986
2985 3269
2986 1099
2986 1349
2986 7418
2986 5917
2986 3269
2986 3606
2986 3654
2986 5254
2986 5485
2986 5780
2986 5918
2986 5934
7087 5348
7087 3254
946 3927
946 5752
946 3162
5047 1710
5047 992
5048 3621
5048 992
5048 7668
5048 5690
5048 7588
3001 1569
3001 3638
3001 5078
3001 7682
7103 5500
7103 1163
7103 1256
7104 1131
7104 1649
7104 5904
961 1475
962 3716
962 3715
5063 7668
5064 977
5064 1007
5064 1379
5064 1489
5064 4085
5064 3193
5064 5611
3017 7476
7120 1083
977 978
977 6075
977 7697
977 3731
978 7697
978 1007
5078 7682
5078 5917
5078 5918
3033 1476
3034 5982
3034 3895
991 992
991 1475
991 1710
991 3341
991 7588
992 5348
992 1521
992 3341
992 3622
992 5221
992 5238
992 6043
7135 7136
5093 3146
5093 5094
5094 5857
5094 6092
5094 5858
3049 1052
3049 1132
3049 3421
3049 5997
3049 7459
3050 5917
3050 5499
1008 5659
1008 1490
7152 1271
5109 1178
5109 3515
5109 5966
3065 2024
3065 5966
3066 5548
3066 1505
1023 7651
1023 5347
1024 7167
5125 6060
5125 7730
5125 3896
5126 3683
3081 4085
3081 3193
3081 3531
3081 3082
3082 5316
1037 7339
1037 3957
1037 1256
1038 1285
7183 3928
7184 3911
7184 5267
5141 7729
5142 3973
5142 5364
3098 3222
1051 1052
1051 1428
1052 1428
1052 1729
1052 4021
7199 3238
7200 3145
5158 1822
5158 6076
3114 3373
3114 5363
1067 1569
1067 7682
1067 5917
1067 1068
1068 5918
1068 7682
1068 1601
7215 3309
7215 7572
7216 1888
7216 5237
7216 5437
7216 7746
5174 3638
3129 3130
3130 7387
1083 1602
1084 3310
1084 4005
7231 7432
7231 5998
7232 1759
7232 7572
7232 7791
7232 5548
1099 7418
1099 1239
1099 5826
7247 3974
7248 7292
7248 5453
7248 5737
7248 7791
7248 1301
7248 5454
5205 3577
5205 4038
5205 5206
5205 5516
5206 4038
1115 1116
7261 1427
5221 1301
5221 7355
5222 3516
3177 1935
3178 3326
3178 1903
3178 1679
1131 1132
1131 1147
1131 1773
1132 5628
1132 3591
1132 5595
7277 1745
7277 7459
7277 7278
7278 5997
7278 3421
7278 5917
7278 7459
5237 1318
5237 3851
5237 4037
5237 5348
5237 5515
5238 1710
5238 3357
5238 7356
3193 5611
1147 6059
1147 4070
1147 7636
1147 1194
1147 3943
7291 3238
7292 1301
7292 5453
7292 5454
7292 1285
7292 7508
5253 4085
3207 1396
1163 5499
1163 5643
1163 3805
1163 7445
1164 1992
1164 5934
1164 3222
7307 7791
7307 5737
7308 5903
5267 1350
5267 3653
5268 3253
5268 6107
3221 1838
3222 1992
3222 5842
3222 5934
1177 1272
1178 3621
7323 1602
7324 3421
5283 5611
5284 3405
3238 1505
3238 3373
3238 3622
3238 5363
3238 5470
3238 5705
3238 5706
1193 4070
1194 4070
1194 1256
1194 6013
1194 7417
7339 2039
7340 2040
7340 5612
7340 1256
7340 5563
7340 7730
3253 1935
3253 5689
3253 5408
3254 1586
3254 5315
3254 3269
3254 5408
3254 6108
1210 4006
7355 7524
7356 1694
7356 1710
7356 1711
5315 6108
5316 6107
5316 6108
3269 1302
3269 5917
3269 1428
3269 3591
3269 3805
3269 3806
3269 6108
3270 5516
1225 5564
1226 7682
1226 3638
7371 5348
7371 7372
7371 3851
7371 5903
7371 3622
7372 1318
7372 5347
7372 5348
5331 4006
5331 7778
5332 1490
5332 7604
1239 5408
1239 1240
1240 5627
3289 1272
3289 3653
3289 5644
5347 5690
5348 1318
5348 3851
1255 1256
1255 5998
1256 4069
1256 1349
1256 2040
1256 3532
1256 3867
7403 1285
3309 3358
3309 7571
5363 3373
5364 3973
7417 3469
7417 4053
7417 5612
7418 1349
7418 5918
5378 3746
1285 1837
1285 7475
7432 1774
7432 2040
7432 5563
7432 7682
3341 1710
3341 3342
3342 1302
3342 1585
3342 3453
5393 5982
5394 5516
1301 5453
1301 5454
1301 1693
1301 3357
7445 5643
7445 1773
7446 5500
7446 7556
7446 5917
3358 1633
5407 3605
5407 5515
5408 3912
1317 5690
1318 3851
3373 5889
5421 2024
5421 3958
5421 6124
5422 6075
7475 3912
7476 2024
7476 7540
1333 5737
1333 5795
1333 7791
1334 3485
1334 1489
1334 3486
3389 1632
3389 1821
3389 3957
3389 3390
3390 1632
5437 3577
7491 1730
7491 5965
7491 7492
7492 5965
1349 5485
1350 3653
3406 7714
5453 5454
5453 7508
5453 7539
5454 7508
5454 7539
7507 5981
7508 7539
7508 7745
1365 1366
1365 3562
1366 3562
3421 3775
3421 5676
3421 7681
5469 4037
5469 3896
5470 3791
1379 4085
7523 1506
3438 1919
1396 7730
7539 1693
5499 5500
5499 5643
5500 4053
3454 5933
3454 3577
3454 3791
1411 4085
7555 5779
7555 7556
5515 1428
5516 5579
3469 5612
1427 1871
1428 1664
1428 1729
1428 1489
1428 1730
7571 5531
7571 5532
7572 5548
7572 7791
5531 5532
5532 5766
5532 1663
3485 3486
3485 5644
1443 5917
1443 1789
1443 7587
1443 7619
1444 7713
7587 3911
7588 5765
7588 5766
7588 1521
5547 1773
5547 2039
5547 6013
5548 7791
5548 5737
3501 1903
1460 1679
1460 1489
1460 3958
7603 2024
7603 7604
7603 2023
7604 6107
3515 1904
3516 1632
3516 1633
5563 1774
5563 2008
5563 3532
5563 3731
1476 5705
1476 5706
7619 7620
7619 5612
3531 1805
3531 1806
3531 1920
3532 5998
3532 5643
1490 5659
7635 3805
7635 6076
7636 6092
5595 3591
5595 5628
5595 6091
1505 5903
1505 5706
5612 2040
1521 5690
1521 1710
1521 3622
7667 1888
7667 3912
7668 1570
7668 1888
7668 3912
3577 5933
3577 5858
5628 5918
1537 1538
1537 6060
1538 4006
1538 5904
7681 1664
7682 1569
7682 1601
7682 5997
3591 6091
5643 1773
5643 5998
1553 3806
1553 5950
1554 5917
7697 1968
7698 7729
3605 1694
3605 3746
5660 6076
5660 1822
3622 5903
7729 5858
3637 5934
3637 5917
5689 1935
5690 3851
5690 4006
5690 5779
5690 5903
1601 5917
7745 5765
7746 5706
3654 4054
1617 3881
7761 7762
3669 1903
5721 5722
1632 3957
5737 7791
1649 4006
3699 5965
3700 5965
5752 3927
1663 6124
1664 1729
1664 1730
3715 3716
5765 5766
1679 3958
5779 4006
3745 3746
5795 5796
5796 5889
1710 1711
1729 1730
5826 3957
5858 6092
1773 1774
1773 2008
1773 5949
1773 6013
1774 2040
1774 2008
3821 2039
5874 5950
5874 5918
1789 1822
1789 6076
3851 5904
5904 3896
1821 3957
1822 6076
5917 5918
5917 5934
5918 1838
5933 6014
3896 4006
1853 3912
3912 1887
5965 5966
3943 6013
5998 3957
3957 2039
6014 4053
3989 1969
4021 4022
6076 4054
2007 2008
2024 6124
6139 6140
