6144 3295
6144 3932
6145 6543
4104 2452
4104 2759
4104 1465
4104 103
4104 4197
4105 857
4105 5426
10 11
10 5458
11 5458
11 5304
2060 40
2060 2061
2060 5036
2060 2405
2060 4242
2060 2421
2060 6903
2060 7344
2061 2421
2061 3102
2061 5369
2061 7344
6158 1088
6158 1826
6158 7409
6159 1215
6159 1699
6159 5585
6159 6018
4119 7408
4119 6328
26 3962
27 824
27 7576
27 2945
2076 7061
2076 5083
2077 365
2077 1559
2077 212
2077 2437
6174 7360
6175 7189
6175 4523
6175 6777
4134 4993
4135 332
4135 1606
4135 2630
4135 2790
4135 3795
4135 7513
4135 6188
4135 5815
4135 7361
40 6393
41 394
41 5259
41 301
41 2899
2092 1481
2092 3102
2092 4670
2093 7797
2093 2503
2093 4011
2093 5922
6188 536
6188 903
6188 3007
6188 3071
6188 7673
6188 5939
6189 2821
6189 4075
6189 6999
4149 7220
55 56
55 2452
55 2329
55 491
55 766
55 2758
55 3119
56 3119
56 2329
56 2344
2108 443
2108 1043
2108 2109
2108 2759
2108 3551
2108 4213
2108 5553
2108 7361
6204 6205
6204 394
6204 5711
6204 5830
6205 6034
6205 394
6205 5427
4164 2187
4164 4626
4164 5259
4165 1859
4165 5162
72 3211
72 2928
72 5211
72 2044
72 5600
72 5115
72 6392
73 7797
73 7061
73 6935
6218 3227
6218 6219
2123 1029
2123 2726
6219 6128
6219 6129
6219 5211
6219 5862
4180 1996
4180 7014
4180 1511
4181 781
4181 2281
4181 3363
4181 3916
4181 5584
4181 7237
88 520
88 395
88 7624
88 5068
88 89
88 4896
88 626
88 627
89 5068
89 520
89 2328
89 1199
89 7624
2138 520
2138 1199
2139 7608
2139 3151
6232 1527
6232 4992
6232 5633
6232 1371
6232 1401
6232 564
6232 1355
6233 6422
6233 7060
4196 1168
4196 4197
4196 5336
4197 1168
4197 5756
4197 2759
102 285
102 7592
103 4596
103 5163
6248 4929
6249 4459
6249 6452
6249 5458
6249 3933
6249 6312
2154 1778
2154 2155
2155 2929
2155 5632
2155 5130
4212 5458
4212 4213
4212 6481
118 4945
118 1494
118 4522
118 6298
118 7422
118 2885
118 3023
118 5195
118 5353
119 2579
119 3520
119 5427
119 6112
119 6312
119 3827
119 6453
6264 5552
6264 6312
6265 1400
6265 2928
6265 4506
6265 4748
6265 5382
6265 5600
6265 6841
6265 7672
2170 2171
2171 300
4227 2836
4227 5474
4227 2928
134 2647
134 6919
134 6761
134 4336
134 135
134 581
134 1168
134 2613
134 3567
135 5007
135 6919
135 3658
135 6761
6280 6281
6280 1653
6281 5617
2186 2187
2186 5131
2187 2899
4242 1637
4242 2234
4242 3006
4242 3442
4242 6497
4242 5537
4243 442
4243 841
150 2044
150 151
150 1276
150 7797
150 3826
150 1169
151 5383
151 1277
151 1073
2201 1940
2201 6648
2201 4490
6297 7672
6298 4320
6298 5664
6298 7672
6298 7451
6298 6950
4257 1290
4257 3315
4257 3947
4257 521
4257 7608
167 4011
167 4789
167 613
167 2928
168 1338
168 2028
168 5382
168 410
168 1028
168 1976
168 3978
168 6887
2217 1510
2217 2218
2217 7561
2217 3751
2217 2251
2217 5475
2218 1510
2218 3751
2218 7561
2218 4976
6312 379
6312 458
6312 1137
6312 1607
6312 1996
6312 2235
6312 2579
6312 2595
6312 3055
6312 3197
6312 4459
6312 5320
6312 6665
6312 6712
6312 7109
6312 7735
6313 7141
6313 7767
6313 6632
6313 6328
6313 5617
4272 951
4272 1104
4272 5632
4272 5633
4273 5632
182 1826
182 6935
183 6345
183 1495
6328 1480
6328 2929
6328 5130
6328 6329
6328 6632
6328 7253
6329 2929
2234 7512
2234 4522
2234 2885
2235 458
2235 2662
2235 3167
4288 521
4288 1105
4288 4289
4288 5680
4289 5459
197 7031
197 2265
197 6049
6344 3491
6344 3901
6344 4686
6344 4819
6344 6345
6344 6998
6345 780
6345 6360
2250 227
2250 1105
2250 7750
2250 872
2251 7157
2251 5179
2251 7360
2251 7205
2251 3118
4304 3038
4304 7015
4305 242
4305 5023
4305 2519
4305 7497
4305 7656
212 1559
212 213
212 490
212 919
212 1169
212 1653
212 2329
212 2453
212 4089
212 5878
212 6376
212 7283
213 1559
213 1749
213 1136
213 1169
213 5475
213 7221
6360 5037
6360 6361
2265 7031
2265 4913
2265 7593
6361 1104
6361 5633
4320 7672
4320 5195
4321 5368
4321 5846
4321 3520
226 7750
226 6527
2280 2928
2280 7797
2280 856
2281 6113
2281 5847
2281 5584
2281 1606
6376 2913
6376 3827
6376 1559
6376 6377
6376 7464
6376 7465
6376 7577
6377 491
6377 2420
6377 2805
6377 5938
6377 5162
6377 1214
6377 6605
4336 580
4336 2375
4336 2647
4336 3658
4336 3765
4336 6919
242 5986
243 3505
243 4852
243 475
243 7672
2296 4993
2296 1574
2296 4475
2296 5695
2296 6793
2297 1199
2297 7576
2297 5785
6392 5601
6392 3211
6392 2044
6393 2468
6393 2774
6393 4042
6393 5098
4351 2503
4351 5037
256 2990
256 7189
256 5458
257 2535
257 5617
257 1908
6407 6423
2312 2313
2313 5036
2313 5938
6408 1291
6408 3826
6408 3689
6408 6003
6408 7545
270 271
4366 7393
4367 2565
6422 1433
6422 7313
6423 1480
2328 967
2328 1199
2328 5069
2328 520
2329 1955
2329 1559
2329 5878
2329 2758
2329 3119
2329 7465
284 2852
284 7782
285 3642
285 967
285 6572
4382 3827
4382 7464
4383 673
4383 3642
4383 7283
4383 6744
4383 7376
6437 1511
6437 1716
6437 1717
6437 6855
6437 6003
6437 6854
2344 750
2344 2899
2345 950
2345 1182
2345 1261
2345 5053
2345 3134
2345 7718
2345 378
2345 5243
2345 5321
300 4913
300 5069
300 6049
300 3627
301 5259
301 394
301 2679
301 520
4397 3243
4397 3704
4397 7609
6452 1810
6452 3458
6453 7376
6453 5862
2360 2913
2360 5037
2360 2361
2361 7465
2361 411
2361 4748
316 317
316 4851
316 5552
317 1606
317 3055
4412 4413
4412 5022
4413 3857
6466 6871
6466 6467
2375 5831
2375 6919
2375 6999
2375 2647
332 4897
332 6512
332 1669
332 2852
332 5632
332 3023
333 1526
333 2791
4428 6019
4428 6542
6480 7561
6481 983
6481 5908
6481 5909
2390 1495
2390 6825
348 4897
348 1542
348 1795
348 3023
349 1908
349 7797
349 2928
349 4819
4444 872
4444 1121
4444 2663
4444 5023
4444 7673
4444 5568
4445 2405
4445 3491
4445 7188
6496 6854
6496 6855
6496 6497
6496 5443
6497 7422
6497 5800
6497 6776
2405 5756
2405 5757
2405 6903
4459 3933
4459 7313
364 5178
364 3947
365 612
365 702
365 1153
365 2437
365 5243
365 5584
365 6543
6512 903
6512 7422
6513 7480
2420 5162
2420 7045
2420 5147
378 4851
378 5336
378 5243
379 4718
379 3197
379 4719
4474 1073
4474 1182
4474 1683
4474 3103
4474 3135
4474 3102
4474 5383
4474 6887
4475 1669
4475 3490
4475 4976
4475 7751
4475 7561
4475 7204
4475 3474
6526 5694
6526 5743
6526 7015
6526 626
6526 3458
6527 1763
6527 5179
6527 7173
6527 1370
2436 1510
2436 3363
2436 7393
2437 1290
394 520
394 1199
394 2679
394 3395
394 4626
394 7561
395 1811
395 4896
395 4944
395 5068
395 5521
395 7624
4490 3643
4490 7782
4490 6871
4491 1028
6542 2885
6542 6760
6542 6776
6543 702
6543 2519
6543 3979
2452 767
2452 4089
2452 2453
2452 2759
2452 3426
2452 3427
2452 5242
2452 7592
2453 4089
2453 1559
2453 3426
410 2028
410 3978
410 7344
411 1306
411 1794
411 6572
4506 4748
4506 5600
4507 596
4507 3750
4507 7282
6556 1416
6556 1810
6556 4059
6556 564
6557 3750
6557 6999
6557 1371
6557 3007
6557 564
6557 5458
2468 580
2468 5681
2468 657
2468 3427
2469 997
2469 4835
2469 7545
426 5504
426 6034
427 3721
427 3720
427 3811
4522 7422
4522 5785
4522 7423
4522 4733
4522 4945
4522 5743
4523 2594
4523 7377
4523 6777
4523 4718
6572 3258
6572 6573
6572 7625
6573 2630
6573 3258
2485 1291
2485 2630
2485 6760
2485 1153
2485 3167
2486 2853
4537 613
4537 4789
4537 5352
442 841
442 6648
443 1043
443 5616
443 4760
443 1231
6588 5352
6589 5847
6589 536
2503 7422
2503 1276
2503 3023
2503 3537
2503 5353
2503 5922
4551 7480
4551 5273
458 3167
458 5320
459 3537
459 5664
459 934
459 5195
459 4627
459 5784
6604 1465
6605 7045
4565 550
4565 1199
4565 1811
4565 1827
4565 3275
4565 3362
4565 520
4565 5863
4565 4944
4565 5521
4565 7657
2518 6792
2518 4611
2519 1121
2519 872
2519 2945
2519 5814
474 934
474 3826
474 7529
474 5489
475 7672
475 5458
475 703
475 3038
475 5489
475 7252
6618 1370
6619 1385
6619 7376
6619 5862
6619 3150
4580 6003
4580 4581
4580 5879
2535 982
2535 4976
2535 5353
2535 7188
6632 1480
6632 2929
6633 3826
6633 3885
490 491
490 1559
491 6129
491 5115
4596 689
2549 2928
2549 2631
4597 1465
6648 7782
6649 1526
6649 1104
506 2929
506 2695
506 3627
506 1480
506 3259
506 5130
507 4881
507 3458
4611 3315
4611 3330
4611 4747
2564 1136
2564 4851
2564 1199
2564 6019
2565 967
2565 5069
520 1199
520 5863
520 1811
520 4851
520 4670
520 4896
520 4945
520 5711
520 5954
520 7512
520 7624
521 3275
521 7609
6664 3296
6665 3857
6665 5458
6665 5211
6665 1338
6665 3103
6665 3994
6665 3395
4626 3979
4626 7560
2579 3520
2579 6112
2579 5847
2579 7766
4627 5194
4627 7220
536 3362
536 5800
536 4913
536 7512
536 550
536 1012
536 3258
536 3566
537 7045
537 5162
6680 1734
6680 6681
6680 4913
6681 3007
2594 1607
2595 7173
2595 2662
2595 4718
2595 5304
2595 7735
550 4945
550 7423
551 5987
551 7156
551 5771
6696 2743
6696 3705
6696 7125
6696 6870
6697 7296
4655 1698
564 1810
564 4059
564 1371
564 966
564 1355
564 1401
564 1416
564 1909
564 3007
564 3039
564 5413
564 5770
564 6792
564 6983
564 7172
564 7313
565 673
565 5037
2612 5211
2612 3567
2612 3900
2613 2647
2613 581
6712 1137
6712 7173
6712 7376
4670 950
4670 6096
4671 7625
4671 689
4671 2821
580 6919
581 2647
581 656
581 657
2630 5785
2631 2045
2631 6097
6728 3642
6728 3841
6728 7189
6728 3197
6728 2990
6728 1842
6729 2975
4686 1908
4686 5665
4687 4010
596 5846
596 1606
597 6003
597 7297
597 6854
597 4881
597 7703
2646 840
2646 1558
2646 1778
2646 3006
2646 3521
2646 3933
2647 657
6744 3627
6744 4913
6744 6049
6745 1749
6745 5022
6745 7221
4702 6934
4702 856
4702 5694
4703 1940
4703 3347
4703 6871
4703 4748
612 1749
613 4011
2662 2727
2662 5784
2662 6935
2663 5023
2663 872
2663 5398
2663 4059
2663 3135
2663 5053
6760 1182
6760 3995
6760 6776
6760 5504
6760 6950
6761 3567
6761 3900
6761 6919
4718 6777
4718 6809
4718 7377
4719 672
4719 3994
4719 7437
4719 7189
4719 7450
626 3610
626 3458
627 5115
627 1244
2678 4805
2679 1199
6776 3995
4732 2742
4732 3274
4733 1198
4733 5785
4733 4774
4733 5569
642 5115
642 7797
642 7221
642 3659
642 2945
643 7237
643 5727
643 3086
643 7220
2694 3314
2694 4089
2694 2695
2694 1575
2694 3426
2694 5147
2694 5757
2695 1245
2695 5163
2695 2899
2695 5147
6792 1260
6792 3315
6792 966
6792 1371
6793 5352
4747 3023
4748 3781
4748 4011
4748 4043
656 4804
656 1322
656 657
656 1323
657 4804
2710 1029
2710 1433
2710 1384
2710 1261
2711 1574
4760 767
4760 1043
4760 2759
4760 5616
4760 4761
4760 5601
4761 1043
4761 5616
4761 5115
6808 3274
6808 2742
6809 5649
6809 7296
672 6097
672 7077
672 7437
673 7283
673 1495
673 3394
673 3963
673 6870
2726 1042
2726 1465
2727 3458
2727 7109
4774 5227
4774 4775
4775 2945
6824 6825
6824 6049
6825 1875
688 3871
689 2884
689 7450
4789 4011
4789 1908
4789 5352
2742 3274
2742 2991
2742 2743
2743 5083
2743 7125
2743 3811
6840 6841
6840 2868
6840 5585
6841 2928
6841 7686
703 3038
4804 1322
4804 1012
4805 1511
4805 3411
4805 7796
4805 6003
2758 7236
6854 1621
6854 1716
6854 1717
6854 5443
6854 6855
6854 7703
6854 7297
6854 7702
6855 1621
6855 5443
6855 7703
6855 7297
6855 7702
718 7189
719 7512
719 5584
719 1893
4818 5258
4818 5743
4818 4819
4819 1924
4819 3673
4819 5258
4819 1908
4819 5617
4819 5226
4819 6935
2774 2775
6870 7125
6870 7782
6871 1892
734 5710
735 5146
735 3827
4834 7451
4834 6097
4834 3331
4835 3442
4835 997
2790 4976
2790 2852
2790 5273
2791 1526
2791 2852
6886 1105
6886 7750
6886 6966
6886 7345
6887 2028
6887 3659
750 751
751 1214
751 997
4851 7512
4851 6019
4851 7718
4852 4929
4852 5895
2805 3827
2805 6129
6902 3119
6902 5878
6902 5879
6903 5879
6903 5878
767 3900
767 3427
767 1843
2820 2821
2821 982
2821 5399
4868 7437
4868 5082
4868 7061
4868 5083
4868 4869
4869 3917
4869 5552
4869 1121
4869 3182
6918 7687
6919 1168
6919 3566
6919 3567
6919 6982
6919 6983
780 950
780 795
781 7672
781 5664
4881 7297
2836 2837
2836 3827
2836 3841
2837 3720
2837 1231
2837 7297
6934 1542
6934 3182
6934 5814
6935 5784
6935 7393
6935 5022
6935 5258
4896 1811
4896 7624
4897 903
4897 1494
4897 3023
4897 4010
4897 3689
2852 4976
2853 1716
6950 5785
6950 5664
6951 1698
810 811
810 7561
810 1169
811 5504
811 7796
4913 1734
4913 3627
4913 6049
4913 7031
2868 7124
2868 7544
6966 1105
6966 5272
6966 5726
6966 5785
6967 3962
824 3689
824 6003
824 1558
824 5923
825 1029
4928 5474
4928 6064
4929 6982
2884 5304
2885 5305
6982 6983
6982 3566
6982 1843
6983 3932
6983 1401
6983 1371
841 2045
4945 3427
4945 1199
4945 1811
4945 7640
6999 5458
6999 5831
6999 7436
6999 7735
856 7797
856 2928
856 2044
857 5505
857 1354
857 5412
4960 967
4960 5069
4960 7625
2913 1542
2913 4977
2913 7577
4961 5022
7014 950
7015 2012
872 1526
872 7673
872 5023
872 1121
872 3135
872 5398
873 1104
873 5633
873 951
873 1105
2928 1668
2928 7797
2928 5600
2929 1480
2929 7328
2929 3378
2929 5130
2929 7253
4976 1668
4976 1669
4976 3087
4976 3490
4976 4993
4976 5894
4976 7205
4976 7751
4977 3994
4977 7577
886 1153
887 5649
7030 5970
7030 7408
7031 7593
2944 1433
2944 7576
2944 7093
2944 1481
2944 3490
2944 5369
2944 7237
2945 5383
2945 2045
2945 5227
2945 1749
4992 5633
4992 1526
4992 5399
4993 1668
4993 5632
7045 5162
7045 7734
903 7672
903 3102
903 5785
2959 982
2959 5727
2959 1215
5007 3658
5007 1168
7060 5458
7061 3070
7061 5083
7061 3274
918 7252
918 1072
918 1996
918 7253
919 1559
919 7328
919 5383
919 3442
2974 3102
2975 5022
2975 3491
2975 7188
2975 7497
5023 3071
5023 3135
5023 7673
5023 3007
5023 5939
5023 5053
5023 7657
7076 1089
7076 3211
7076 5922
7076 1606
7076 7344
7077 6097
934 3102
934 3826
934 7529
934 3183
934 4074
934 5442
934 7312
5037 4058
2990 7189
2990 3197
2990 3841
2990 7393
2991 3274
7092 7361
7092 966
7093 1842
7093 5785
951 1104
951 5633
5052 1230
5052 3347
5053 1121
5053 1182
5053 3134
5053 3103
3006 1277
3006 1558
3006 3346
3006 3933
3006 5369
3007 983
3007 7673
3007 3071
3007 5939
3007 7657
7108 5504
7109 5908
7109 3458
966 1371
966 1401
966 1355
967 5069
967 7625
5068 3688
5068 7641
3022 5098
3023 3474
3023 4042
7124 5986
7125 3705
7125 3962
982 3978
983 5800
983 7673
5082 7796
5082 5083
5083 3070
5083 7796
997 3054
997 5771
7140 1481
7141 7767
7141 7528
5098 4042
5099 3227
3054 1276
3054 6003
3054 3689
3054 5458
3054 5305
1012 3362
7156 3735
7156 5987
7156 7361
7157 1668
7157 3871
5114 5115
5114 5426
5115 1307
5115 5321
3070 3274
3070 7393
3070 3947
3071 7673
3071 5939
3071 7657
1028 2028
7172 1810
7172 1371
7173 7750
5130 5632
5131 7528
5131 7252
5131 7766
3086 1384
3086 4026
3087 7687
1042 1465
1043 5616
1043 1843
1043 1858
1043 5601
7188 3135
7189 3197
5147 5383
3102 1277
3102 3166
3102 7312
3102 7392
3103 1089
3103 1683
1056 3689
1056 1606
1057 1574
7204 5353
7205 5632
7205 7751
5162 1214
5162 1859
5162 7687
5163 1244
5163 7465
3118 4011
3118 5399
1072 5846
1072 6112
1072 1997
1072 6065
1073 5830
7221 1749
7221 1169
7221 1136
5179 4058
3134 1136
3135 5474
1088 3978
1089 1542
1089 3811
1089 1338
1089 5321
1089 5922
1089 6128
7236 5273
7237 5383
7237 7782
5194 4010
5194 5195
5195 3537
3150 1105
3151 3520
1104 5633
1104 5632
1105 5726
1105 7345
1105 7750
7252 5489
5211 1976
5211 3167
5211 4043
5211 5520
5211 6128
3166 1277
3166 5458
3167 1338
3167 5382
1120 1432
1120 5895
1121 5398
7266 3857
7266 1198
7267 5617
7267 1908
5226 5258
5227 1198
5227 1749
5227 1276
5227 5475
5227 7328
3182 3826
3182 5458
3182 3917
3182 5552
3183 5442
3183 3826
3183 7529
1136 1137
7283 3827
7283 1559
5243 1182
5243 3296
5243 4010
3197 3841
3197 3994
1152 7512
1153 5922
1153 1749
7296 1590
7296 1763
7296 5649
7297 3720
7297 3721
7297 5971
5258 1908
1169 1559
1169 1401
1169 5475
7312 1908
7312 7529
7312 7797
3226 7560
3226 1495
3226 3227
1182 1749
1182 5321
1182 5922
7328 5426
7328 5427
5288 1955
5288 5383
5288 5743
5288 6097
5289 5955
5289 1778
3242 6002
3242 6003
3242 3243
3243 3704
3243 5336
1198 1527
1198 5569
1199 5863
1199 1811
1199 5680
7344 7345
7344 1400
5304 5986
5305 1893
5305 3520
5305 3689
5305 5368
3258 3427
3258 5681
3258 7576
3258 7625
1214 1559
1215 5727
1215 1699
1215 6018
1215 5585
7360 7513
7361 1843
7361 7656
5320 3841
5320 3491
5321 3611
5321 1338
3274 1925
3274 3810
3275 5863
1231 1735
7376 5862
7376 6128
7376 7783
5336 6064
5336 7657
5336 7718
1244 1245
1244 5938
1245 5879
1245 4089
3295 3296
3295 3363
3296 1940
3296 3490
3296 6034
7392 1558
7392 1276
7393 1606
5352 7480
5353 5894
7408 3347
7408 4075
7408 7409
3314 1810
3314 3475
3315 5801
5368 1433
5368 3521
5368 7576
5368 5846
5368 6064
5369 7450
1276 6003
1276 3673
1276 3826
1276 5681
1276 5814
1277 3330
1277 3963
7422 5785
7422 7423
7423 3346
3330 3963
3331 1876
5382 7797
5382 5383
5382 1338
5383 5616
1290 3810
1291 6003
7436 3826
7437 3475
5399 1339
5399 1527
1306 1307
7450 5785
7450 3781
7451 6048
7451 7672
3363 2044
3363 1510
3363 1511
5412 1354
5413 3963
5413 4059
5413 1810
5413 1416
1322 1323
3378 1997
3378 3379
3379 5427
3379 6064
5427 6113
7481 2029
7481 1940
1338 2028
1338 1976
1338 3659
1338 3705
1339 1527
3394 3395
5442 3627
5442 5443
5442 3826
5443 7703
5443 7702
7496 5815
7496 5814
7496 7544
7497 4026
7497 5784
7497 5489
1354 3900
1354 5505
1355 1371
1355 1401
3410 1875
3411 1511
3411 1574
5458 3994
5458 5648
5458 5649
5458 5831
5458 7735
7512 1893
7512 5584
7512 5800
7513 1810
1371 1401
1371 5553
1371 5770
1371 6081
3426 1575
3426 4089
3427 7576
3427 7592
5475 1735
1384 7783
1384 7796
1385 7528
1385 5600
7529 7576
7529 3826
1401 4059
1401 6081
7544 5814
7544 5815
7544 7686
7545 3826
3458 3933
1416 1810
1416 4059
1417 7783
5521 1811
1432 5568
1433 7576
1433 5846
1433 6064
1433 4074
7576 3521
7576 4074
7576 6064
7577 7593
5536 5680
5536 5954
5537 1810
3490 1669
3491 1794
3491 3595
3491 7592
1448 1449
1448 3781
1449 3780
7593 1542
5552 5801
1464 1574
1465 1858
7609 3536
7609 3811
7609 6003
3520 5847
3520 5846
3521 5847
5568 5664
5568 7672
5568 5569
5568 7656
5569 5664
1480 5970
1481 3826
7624 5954
3537 7672
5584 1606
5585 1699
5585 6018
1494 1795
1494 3780
7640 7641
3551 3901
5600 1668
5601 5616
1510 2044
1510 1511
1510 3751
1511 2044
7657 7673
7657 5939
7657 1811
3566 3567
3566 3900
3567 3932
5616 1858
5617 1908
5617 3673
1526 3795
7672 5664
7672 5785
7672 6019
7673 5939
5632 1669
5632 1716
5632 3751
5632 3795
5632 7751
7686 4043
3595 6096
5649 1842
5649 5831
1558 3689
1558 1810
1559 1653
1559 4089
1559 5878
7703 6003
1575 4089
1575 1653
3627 6049
3627 3826
5681 1843
5681 5785
5681 6096
1590 3765
7734 7735
3642 7782
5694 3827
1606 1637
7751 1795
3659 2028
5710 3917
5710 6065
5711 5863
1621 3721
7766 3827
7767 5909
5726 3885
5727 1699
5727 6018
1637 1810
7782 1763
7783 3916
5743 5785
5743 6097
7796 6003
1653 4089
3704 1763
3705 3811
3705 3962
5756 5757
3720 3721
3721 6003
5771 5987
3735 5987
5784 5922
5785 6019
1699 6018
5800 3856
5800 5908
1716 1717
5814 5815
3780 3781
3781 1794
5830 6035
3795 5894
5846 3871
5846 5847
5847 3871
5847 6113
3810 3811
3811 3962
5863 1811
1778 5955
1778 1779
5878 5879
3841 1925
1810 4059
1810 5939
1811 1827
5908 5909
5922 3978
5923 6003
5923 6049
1842 6003
1843 3900
5954 3995
3916 4058
3916 4026
3917 6065
5970 5971
3932 3995
1892 6096
3979 6048
6034 6035
1940 1941
1941 2012
6065 1996
6065 6113
6065 6112
1976 1978
1976 2028
1978 2012
4026 4058
6080 6081
1996 1997
1996 6112
2012 2013
