4101 2214
4101 2167
7 2833
7 2659
7 2465
7 7419
4116 2956
2073 6821
2073 4269
6171 7405
6171 4699
4131 747
4131 2755
4131 6294
4131 4652
4131 5661
37 2956
37 329
37 407
37 1241
37 6045
2089 1257
2089 5365
6185 1791
6185 6404
4146 3913
4146 5095
4146 7357
4146 6389
2105 471
2105 1319
2105 1367
2105 1523
2105 1603
2105 4086
2105 6789
6201 547
6201 3255
6201 7073
4161 3223
4161 3035
6215 763
6215 7153
2120 4456
85 5875
2135 1413
2135 2910
2135 4925
2135 7027
99 5159
99 6979
2151 2546
4209 503
4209 1603
4209 6585
4209 1712
115 4848
6261 5333
6261 3147
6261 3311
2167 6995
4224 3099
4224 3455
4224 1241
4224 2387
4224 4577
131 807
131 5781
6277 164
6277 1650
6277 2925
2183 6629
2183 2277
4239 2025
147 1211
147 2433
147 3163
2198 3823
6294 4785
164 3311
164 6523
164 7153
6309 4394
6309 5767
6309 5781
2214 1555
2214 2372
4269 4441
179 3455
179 1241
6325 4007
6325 5905
6325 2925
2231 3194
4285 253
4285 1149
4285 1971
4285 3194
4285 4638
4285 5767
194 2925
6341 1587
2247 3223
2247 3035
4301 853
4301 6539
6357 2402
6357 5661
6357 853
2262 1179
4317 2627
4317 1039
223 3913
223 5723
2277 807
6373 7279
4333 3807
4333 3223
4333 3035
4333 4425
4333 5935
239 1025
2293 4715
2293 6899
4348 3239
253 1971
253 3194
253 1149
253 4638
6404 947
6404 1791
267 4893
267 5079
267 3179
4363 2956
6419 5239
281 7447
4379 7477
4379 4729
6434 1855
6434 2546
6434 7089
6434 7121
297 4456
4394 5999
4394 3732
4394 5767
6449 6837
6449 7011
313 1429
4409 5239
6463 1823
2372 487
329 407
4425 2755
6477 7669
345 5471
345 4757
4441 1413
6493 1713
6493 1712
6493 1760
6493 503
2402 2576
2402 2531
2402 2787
2402 3343
2402 7653
4456 455
4456 5935
361 5501
361 2723
6509 7217
2417 5781
2417 3487
4471 979
4471 3868
4471 7573
6523 3959
2433 3163
391 699
391 1009
391 7373
6539 4848
2449 4715
2449 7373
407 2956
4503 1872
4503 2576
6553 6995
2465 2659
423 963
4519 1101
4519 1165
6569 3359
2482 3701
4534 1555
4534 3067
4534 2802
4534 3423
439 3035
6585 1712
6585 1760
6585 503
4548 685
455 7715
455 3563
6601 7389
2515 4744
471 1367
471 1523
6615 6837
4577 3099
4577 4667
6629 807
6629 1397
6629 5891
6629 7233
6629 7669
6629 7763
487 6125
4593 517
4593 1855
4593 3003
4593 3359
4593 3991
6645 7137
503 1712
503 1603
503 1713
503 7325
4608 915
2561 4071
517 3991
517 3003
2576 7201
533 2925
533 7105
6677 6045
6677 7185
6677 6773
6677 2956
6677 6725
4638 1149
4638 1971
2591 1461
2591 3853
2591 7433
547 7073
547 3255
6693 1039
4652 5255
4652 5919
2608 3777
2608 853
6709 1303
6709 4989
6709 7201
6709 7293
4667 5565
577 3685
2627 5891
6725 7185
6725 6773
4683 1039
593 3563
2643 7201
6741 4785
4699 7653
609 3517
2659 7419
2659 7201
2659 4909
4715 699
4715 4957
2675 5581
2675 5423
6773 4729
6773 7185
4729 2723
6789 1523
6789 5999
6789 1603
6789 7325
2707 5003
2707 1241
6805 1507
6805 4086
6805 7201
669 807
669 5859
2723 2009
4771 3223
6821 5486
2739 5645
699 1009
4801 747
4801 883
4801 7341
2755 4831
2755 3807
6851 1429
715 1025
715 899
715 7027
6867 807
4831 1746
6883 7153
747 947
747 883
2802 2925
2802 5239
6899 7589
763 5905
763 3792
2817 3455
2817 1241
6915 3455
777 853
777 4023
777 7461
4878 1952
4878 5049
6931 1491
792 3147
792 821
4893 5875
6947 1335
2865 4973
2865 6061
6963 3223
6963 7263
821 5517
821 1634
4925 1746
4925 1413
6979 5767
6979 1195
837 3359
837 3208
4941 7525
2896 3223
6995 3701
853 1634
853 5517
4957 6077
4957 5143
2910 5811
2910 5111
2925 1351
2925 1650
2925 1807
2925 5905
2925 6061
4973 1351
2941 979
4989 1303
4989 5581
4989 6141
4989 5677
4989 7293
7042 7509
899 3003
899 3131
899 5175
5003 1241
5003 5285
5003 5739
2956 1397
2956 3502
2956 5661
2956 6045
7057 1695
7057 1839
7057 3747
7057 6109
7073 3035
931 7653
5033 3853
7089 5739
947 3471
5049 3455
5049 3502
7105 1351
5065 2009
979 5661
3035 3223
3035 5951
3051 1257
3051 1101
1009 3517
1009 6077
5111 3670
3067 3455
3067 1241
1025 7573
7169 7509
7169 3487
3083 1539
3083 3975
3083 5143
1039 5999
1039 3732
1039 7325
5143 3975
5143 1539
5143 3623
1053 1665
1053 1731
7201 1507
7201 3439
5159 3375
5159 3853
3115 7389
1069 3291
1069 3762
1069 3517
3147 6015
3147 5349
1101 1165
1101 7325
7249 5269
5207 5517
5207 7731
1117 1650
3194 1149
3194 1971
3194 3487
3194 5781
1149 1971
7293 5581
7309 1429
5269 3439
3223 5951
1179 7341
7325 5999
7325 1603
7325 3732
3239 7683
1195 1491
5317 3929
3271 1587
1227 3929
5333 6125
1241 3455
3291 5613
3291 3517
7405 7653
3311 7683
7419 1839
7419 2025
1287 1972
1303 5677
1303 5581
3359 1839
3359 2025
7461 4023
7461 3991
3391 3563
5439 3929
1351 6061
5455 5581
5455 6141
7509 5797
1367 1523
1381 6015
1381 3685
7541 5581
7541 5677
3455 1972
3455 7605
5517 1634
7573 3868
3487 5781
7589 1839
3502 6031
3502 5811
1461 7779
5565 1477
5565 3929
1477 3929
7621 1539
3533 7637
3533 7669
5581 3578
5581 4039
5581 5677
5581 5827
5581 6141
7669 7763
5629 1539
1539 3975
1555 1993
5677 6141
1587 4039
5691 4007
1618 1972
3670 6031
1634 3762
1634 6077
7779 3853
1650 1993
3701 5967
5767 3747
3732 5999
3732 4071
1712 1760
1712 1713
1712 5843
3762 6077
5811 3929
5811 6031
3823 3838
5905 4007
1839 2025
3929 6031
5999 3959
6031 4055
3991 4023
