4098 2228
4 960
4 3956
4 6626
6152 2894
6152 3404
6152 5062
6152 5872
6152 4143
6152 4144
4114 2322
4114 3744
4114 4726
20 3698
20 4158
20 2479
20 7490
2070 1788
4128 6090
34 5794
34 5674
34 1332
34 4590
34 4036
34 5436
34 6400
34 7039
6182 2006
4143 49
4143 66
4143 144
4143 1743
4143 3404
4143 4144
4143 5062
4143 5872
4143 6474
48 3530
48 4938
48 3956
48 1758
48 5362
4144 1743
4144 5872
4144 5062
4144 5824
2102 436
2102 1662
6198 1208
4158 1757
4158 2369
4158 3236
4158 4970
4158 7490
6212 2196
6212 2211
6212 2462
6212 2846
6212 3096
6212 3545
6212 5778
6212 2800
2117 2118
2117 3942
2117 2479
2117 3287
4174 5346
82 2496
82 484
82 4845
2132 1488
2132 500
2132 7370
2132 5046
4190 5546
4190 7760
96 3804
4206 6848
4206 3729
112 1192
112 1130
2164 3420
4222 2768
4222 2640
128 3191
128 4844
128 4298
128 372
128 2478
128 5720
128 6354
6274 4251
6274 3112
2180 880
2180 7086
2180 7586
2180 3850
2180 5266
2180 5530
2180 5980
2180 7386
4236 2544
144 2399
144 500
144 1442
6290 1254
6290 7182
2195 5092
2195 6802
2196 2846
2196 1006
6291 1316
6291 818
4252 514
4252 3972
4252 3850
4252 5530
160 530
161 6834
2211 2800
2211 2462
6306 544
6306 5736
6306 6386
176 1600
176 5996
6322 468
6322 3652
6322 5420
6322 6566
2228 5220
4282 5546
191 4454
191 452
191 5156
192 2800
192 1036
192 3356
192 6992
192 774
192 1114
192 1648
192 2704
192 4649
192 6864
6338 896
2244 5346
2244 4812
4298 3191
4298 4844
4298 6354
6354 804
6354 4740
2259 2908
2260 7246
2260 3589
2260 4454
4314 3356
4314 4606
4314 4605
220 2984
220 6460
6370 3530
4330 2290
4330 6642
236 5964
236 3000
236 1458
2290 1082
2290 1820
4345 2006
4345 2322
4345 2814
4345 4741
4345 7680
4346 1176
4346 6880
4346 4391
4346 4392
4346 4376
4346 5282
6400 6770
6400 5794
6401 7370
6401 1006
6401 818
2306 818
2306 1162
2306 1990
264 4406
264 6626
4360 358
4360 7070
4360 5346
4360 7370
4360 4726
4360 5658
4360 6582
6416 342
6416 960
6416 1378
6416 1950
6416 7728
6416 6626
2322 7118
278 3420
278 5736
4376 1584
4376 5282
6432 372
6432 3268
2338 1743
2338 4828
4391 2399
4391 4392
4391 6598
6446 1709
6446 1316
6446 7134
6446 4812
2354 1990
2354 7570
310 326
310 2784
310 7634
4406 3865
4406 6626
6460 2984
6460 3636
2369 1757
2369 4559
2370 4560
2370 4559
2370 5562
2370 760
6474 4890
6474 4954
6474 7039
6474 5872
6474 3404
6474 7338
2384 1284
2384 2478
342 1692
342 1950
342 7728
4438 3575
4438 2605
4438 3220
6490 2512
6490 6880
6490 7370
2399 1442
2399 2400
2399 7070
2400 2720
4453 3804
358 3560
358 3926
358 4726
4454 452
4454 5156
6506 606
6506 7444
2414 818
2414 3252
2414 6834
372 5030
4468 5594
4468 5314
6520 7444
2430 636
2430 1442
388 3308
4484 1504
4484 7118
4484 1631
4484 650
6536 3064
6536 7024
6536 7602
2446 6976
2446 666
404 420
404 1050
404 1146
404 5172
4500 6754
6550 5626
6550 530
6550 5674
6550 3452
6550 7086
6550 7570
2462 4605
2462 1114
2462 2799
420 1146
420 2953
420 5720
6566 468
6566 928
6566 5420
2478 1284
2478 7506
2478 3191
2479 5764
2479 5483
4531 4532
4531 4696
436 3220
436 590
4532 1886
4532 4696
6582 3420
2496 3112
4545 2704
4559 760
4560 2954
4560 760
468 5420
468 1066
468 5436
468 5720
6612 3340
6612 3879
4574 3820
2528 2814
6626 960
6626 3865
6626 3714
4590 1332
4590 2605
4590 5452
4590 5674
4590 5808
2543 3804
2544 4068
2544 2588
2544 4798
2544 5484
6642 1677
6642 7602
500 4680
4605 6674
2558 5996
4606 2800
4606 3356
4606 6992
4606 2846
514 3972
514 804
6658 5530
2574 3682
2574 5750
530 7570
530 4754
6674 3096
4635 4636
2588 4068
2588 3988
4636 3064
544 3546
6690 5156
6690 6864
6690 3560
6690 7118
4649 1036
4649 3356
4649 2800
4649 6992
4650 7166
2604 1568
2605 682
2605 1332
2605 5452
2605 5674
2605 5808
6706 4083
6706 6834
6706 3252
4664 3789
4664 7354
4664 4954
574 2800
2624 5062
4680 3388
4680 5872
590 1600
590 5236
6738 5406
6738 5252
4696 1176
4696 5578
6754 3220
4712 7506
4712 5562
4712 760
4712 7054
620 804
2672 3206
4726 1630
4726 2022
636 1442
2688 3730
2688 1868
2688 1772
6786 2006
6786 7650
4740 3048
4740 7214
4740 5062
4740 4890
4741 3880
4741 2814
650 3514
650 3604
650 3759
650 7118
2704 2830
4754 7522
6802 1114
6802 3096
2720 7776
682 5750
6834 3252
696 7712
696 5750
4798 6138
4798 5484
4812 1316
4812 1950
4812 2800
4812 5658
4812 5980
728 1708
728 3545
4828 1728
4828 1743
4828 1744
4828 4922
4828 4876
6880 3836
6880 3941
6880 6012
744 3500
744 1902
744 2908
4844 3032
4844 3191
4845 6028
4845 7760
2799 5778
2800 1036
2800 1114
2800 1316
2800 1520
2800 1648
2800 1708
2800 6992
2800 2846
2800 2830
2800 3096
2800 3356
2800 3545
6896 5996
6896 7166
760 5000
760 3032
760 1238
760 3500
760 5030
760 5562
2814 7680
4862 1316
4862 7134
6912 7554
774 1316
774 1950
4875 3032
4876 1066
4876 1728
4876 1743
4876 1744
2830 1772
2830 6992
2830 7554
6928 5092
789 1918
789 3032
789 790
789 1677
790 3956
790 896
790 1474
4890 7086
4890 880
2846 1708
2846 6992
2846 3096
804 3972
804 3048
4906 2878
4906 7634
2862 3560
2862 6012
2862 3744
6960 2984
818 1616
818 5964
4922 912
4922 1743
4922 4004
4922 1744
4922 5172
6976 6074
834 1804
4938 1348
4938 1758
4938 3530
2893 1630
2893 976
2893 3287
2894 5046
6992 1036
6992 1520
6992 1648
6992 1708
6992 3356
4954 7354
4954 3308
2907 1284
2907 1692
2907 3789
2907 3790
2908 1902
2908 3500
866 3286
866 3880
4970 7490
880 7086
880 7586
7024 3064
2938 7260
4986 5546
896 3956
7040 7744
5000 5030
2953 1050
2953 2954
7054 7506
912 5172
912 7260
2968 2022
7070 5346
7070 7370
928 5420
7102 6074
5062 5872
5062 7214
7118 1394
7118 1631
7118 5156
976 1630
5076 4020
5076 7522
3032 3589
3032 3910
7134 1709
7134 7402
5092 1238
1006 1488
1006 7370
5108 3941
5108 6012
5124 7386
5124 3286
5124 5266
3080 5362
3080 3324
1036 3356
1036 1708
1036 3730
7182 1254
3096 3545
7198 5610
5156 1630
5172 1146
7230 1332
3144 5916
1098 5236
1098 3220
7246 2006
7246 3589
7246 7474
5204 6138
5204 1820
1114 3356
1114 3252
7260 3636
1130 5626
5236 1600
5236 3220
3191 7506
3192 3308
1146 3835
1146 3836
7290 3452
5252 3910
3205 3500
3206 3835
3206 3836
5266 7386
5266 3589
3220 3484
1176 5578
7322 1758
3236 3942
7338 7712
5298 3759
3252 4083
3252 6106
3252 5314
5314 4083
3268 1600
7370 1488
5330 5642
3285 3436
1238 7444
3286 3287
3287 1394
7386 1728
7386 1744
7386 1743
1254 3530
7402 1709
3308 7474
5362 3530
7416 5376
7430 1918
7430 5578
7430 6122
5392 7538
1300 1757
5406 5948
1316 1950
1316 5658
3372 5688
3372 3636
7474 5996
1332 5452
1332 4036
1332 5674
1332 5794
1332 5888
3388 6074
5436 3576
7490 1757
1348 3530
3404 1869
3404 5872
5452 5808
5452 5888
7506 5964
1364 5704
7522 3452
7522 7570
5483 3894
5483 5484
5483 5764
3436 3576
5484 5764
5498 7760
3452 5674
3452 5794
3452 3575
3452 7570
1410 3589
7570 5674
5530 7618
3484 3636
5546 3880
3500 1902
3500 6042
1458 5964
3514 3759
3530 1758
3530 3956
7634 5948
3546 3620
3560 3926
3560 6012
5610 2038
3575 5674
5626 1584
3590 1728
5642 6028
5658 5902
5658 7790
1568 1692
5674 4036
5674 5794
7728 7790
3636 5688
1600 4068
7744 3730
3652 1852
3668 6042
5736 6074
3698 1757
3714 5840
1677 6074
1678 3956
3730 5856
5794 4036
1709 1772
1728 1744
1728 4004
1728 1743
3789 1967
3789 3790
3789 1966
3790 1966
3790 1967
1743 1744
1744 4004
1744 5888
5872 1869
3835 4068
3835 3836
5902 3972
3866 2038
1868 1869
3926 6012
3941 6012
5996 4004
1902 6042
1966 1967
4052 2038
6106 4083
