4096 4589
4096 2477
4096 1535
4097 204
4097 3681
4097 4860
4097 5900
2 6304
3 7085
2052 159
2052 4234
2052 4710
2052 4711
2052 4264
2053 942
2053 943
2053 1175
2053 6273
2053 4905
2053 6041
6150 64
6150 2146
6150 3908
6150 5482
6150 5870
6150 2602
6150 3218
6151 357
6151 2982
6151 5592
6151 6180
4112 2936
4112 2383
4112 7442
4112 542
4112 2702
18 2162
18 2622
18 1252
18 6784
18 529
18 483
18 4296
18 6121
19 7164
19 3483
19 4482
19 7320
19 5434
2068 5264
2068 4710
2068 3529
2068 6504
2068 7759
2069 605
2069 3893
2069 5106
2069 6369
2069 7429
6166 1175
6166 1690
6166 2460
6166 2655
6166 3386
6166 3387
6166 4753
6166 1190
6166 4173
6167 2258
6167 5345
6167 4739
6167 6488
4126 466
4126 1376
4126 2146
4126 2227
4126 3323
4126 5419
4126 5900
4126 5901
4126 4035
4127 681
4127 927
4127 235
4127 6472
32 4067
32 1252
33 6688
33 1253
33 6535
33 7428
2084 2085
2084 6769
2084 2398
2084 2413
2084 4874
2084 7258
2084 7679
2085 5994
6180 2020
6180 2460
6180 3079
6180 3743
6180 4589
6180 6211
6180 7473
6180 4173
6181 4810
46 4739
46 47
46 7429
47 4618
4142 111
4142 418
4142 1726
4142 3772
4142 4264
4142 4499
4142 6104
4142 6564
4142 7022
4142 7320
4142 7648
2100 758
2100 1850
2100 1866
2100 5171
2100 5014
2100 6640
2101 1144
2101 1145
2101 2036
2101 3204
2101 3728
6196 694
6196 111
6197 5901
6197 2413
4156 1174
4156 3544
4157 6549
4157 4558
64 4739
64 1901
65 4420
65 6504
65 7537
6210 2703
6210 3142
6210 3143
6210 5544
6210 1472
6210 2844
6210 5122
6210 5777
6210 5686
6211 2750
6211 3697
6211 498
6211 3403
4172 512
4172 604
4172 1519
4172 2226
4172 2243
4172 2444
4172 3338
4172 5187
4172 4328
4172 5186
4172 7472
4173 158
4173 418
4173 942
4173 1035
4173 1190
4173 1330
4173 1392
4173 1502
4173 2004
4173 2321
4173 2494
4173 2602
4173 2687
4173 2877
4173 3772
4173 4050
4173 7304
4173 6910
4173 4498
4173 5028
4173 5328
4173 5344
4173 5390
4173 5962
4173 6104
4173 6320
4173 6368
4173 6504
4173 6564
4173 7068
4173 7149
4173 7758
80 2320
80 1049
81 4344
81 482
81 3062
81 1503
81 6352
2130 2398
2130 1835
2131 3371
2131 528
2131 3403
6224 803
6224 5218
6225 3483
6225 4842
6225 6289
6225 7521
4188 988
4188 6721
4188 7520
4189 2382
4189 2813
4189 4937
94 7305
94 6519
94 5264
94 5962
94 6088
94 4843
94 2602
95 2179
95 204
95 7401
95 6473
6240 3892
6240 4984
6240 6910
6240 1502
6241 3307
6241 3955
6241 865
2146 5870
2147 2542
2147 4066
2147 3803
2147 3529
2147 2602
4204 325
4204 3339
4204 6430
4204 5186
4204 2444
4204 6548
4205 293
4205 3728
4205 7568
4205 2477
4205 6640
110 219
110 2936
110 3467
110 1691
110 1834
110 3219
111 4499
111 3772
111 2937
6257 4810
6257 4648
2162 1252
2162 5734
2162 2622
2162 7148
2162 7352
2162 6704
2162 7164
2162 7212
2163 2860
2163 2511
2163 4452
4220 816
4220 7385
126 2734
126 572
126 5187
126 340
126 5512
126 5822
126 2036
126 2920
126 3588
126 4452
127 3893
127 5218
6272 2005
6272 5719
6272 7038
6272 2004
6273 4035
2178 386
2178 5265
2178 2844
2178 5777
2178 2179
2178 4604
2178 1472
2178 5467
2178 6549
2179 7401
2179 5265
2179 5045
4234 159
4234 4711
4234 4710
4234 4544
4235 727
4235 833
4235 556
4235 6581
4235 6518
4235 7774
142 3878
143 5202
143 2429
143 6026
6288 832
6288 1802
6288 7401
6288 6656
6289 3819
2194 2844
2194 1472
2194 3046
2194 5122
2194 5544
2194 5686
2194 4921
2194 3142
2194 6624
4250 263
4250 483
4250 1818
4250 5186
158 7069
158 1330
158 1502
158 1518
158 6910
158 2004
158 529
159 4710
159 4711
159 309
2208 419
2208 865
2208 1646
2208 6385
2208 6833
2208 4281
2208 2476
2208 3079
2208 3878
2208 5702
2208 6384
2208 6862
2209 1646
2209 6833
2209 7117
2209 6862
2209 4002
2209 6832
6304 959
6304 1706
6304 3712
6304 4767
6304 5529
6304 5838
6304 6415
6304 7384
6305 833
6305 5312
6305 556
6305 6801
6305 7133
6305 7568
4264 234
4264 2444
4264 5748
4264 4499
4264 512
4264 7116
4265 1727
4265 3419
4265 6105
4265 2226
4265 1726
174 4498
174 5450
174 5854
174 4420
174 7400
175 5171
175 1614
175 7038
6320 1456
6320 1566
6320 2020
6320 3266
6320 3306
6320 4861
6320 4936
6320 5792
6320 7100
6320 6458
6321 1080
6321 2587
6321 3190
6321 5029
6321 6990
6321 7053
2226 604
2226 1129
2226 1441
2226 1727
2226 5218
2226 5512
2226 2767
2226 5187
2226 5513
2226 5822
2227 1376
2227 1377
2227 3864
2227 2603
2227 665
4280 3482
4280 6894
4280 7789
4280 6943
4280 5435
4281 865
4281 1425
4281 3878
4281 3355
4281 6010
4281 6384
4281 7536
190 975
190 3848
190 7321
190 6625
6336 6895
6336 3466
6336 7181
6336 759
6336 6926
6337 1770
6337 1771
6337 2829
2242 218
2242 710
2243 2767
2243 4019
4296 3893
4296 6784
4297 4404
4297 5075
4297 2477
4297 529
4297 3267
204 4860
204 3512
204 926
204 1064
204 3126
204 3322
204 5296
204 5576
204 5900
204 6399
204 7505
205 3528
6352 4035
6352 3619
6352 467
6353 7320
6353 911
6353 2783
6353 5792
6353 3924
4312 2861
4312 3250
4312 6105
4312 5947
4312 7664
4313 788
4313 3354
4313 3864
4313 5545
4313 7601
4313 1472
4313 7275
218 710
219 3467
219 1916
219 4050
219 4066
2272 648
2272 5657
2272 3818
2273 3650
2273 3651
6368 1392
6368 3650
6368 1726
6368 7664
6369 1020
6369 6863
6369 7759
6369 6720
6369 6610
4328 324
4328 512
4328 513
4328 772
4328 1519
4328 1933
4328 2445
4328 2639
4328 3267
4328 3338
4328 3370
4328 4888
4328 4889
4328 5187
4328 5250
4328 6430
4328 6611
4329 513
234 2383
234 974
234 5091
234 1964
234 5360
234 5405
234 6975
235 7321
235 975
2288 3970
2288 3971
2288 5839
2288 7537
2289 664
2289 5186
2289 512
6384 2999
6384 5090
6384 5702
6384 3878
6384 865
6384 6385
6384 1534
6385 1113
6385 4002
6385 7117
6385 6862
6385 1646
6385 6833
248 324
248 2445
248 6641
248 5608
248 6625
249 3467
249 1191
249 4404
4344 482
4344 1503
4344 3062
6399 4860
2304 2494
2304 3110
2304 5466
262 4953
262 2719
262 263
4358 7401
4358 4359
4358 1802
4358 5045
4358 7337
4359 6073
4359 2845
4359 6581
4359 1802
4359 6072
4359 7401
2320 1049
2320 4589
2320 529
2320 2020
2320 5029
2321 618
2321 5703
2321 1599
2321 7368
276 277
276 7100
277 5219
277 5187
277 6430
277 2021
277 5719
4374 1582
4374 4375
4375 695
4375 1582
6430 1519
6430 4066
6430 3467
2336 2337
2336 4843
292 293
293 7568
4390 5703
4390 3878
4390 6459
6444 1049
6444 4861
6444 2020
6444 5251
6444 4589
6444 3681
6444 5029
6445 5090
6445 4724
2352 6459
2352 3878
2352 7553
2352 6721
2353 1932
2353 2004
2353 7710
308 5418
308 3954
308 2983
308 3062
308 482
309 1035
309 1362
309 5994
4404 5075
4404 5512
4405 1835
6458 3266
6459 911
6459 5496
6459 3878
6459 5703
6459 5264
2368 4558
2368 1362
324 2445
324 6641
324 2556
324 6625
324 7023
325 512
4420 6504
4421 648
4421 1486
4421 1487
4421 5512
4421 5657
6472 1362
6472 2413
6472 7569
6473 816
6473 1473
6473 1742
6473 1851
6473 2623
6473 3095
6473 3158
6473 4679
6473 5045
6473 5451
6473 5513
6473 5931
6473 6958
6473 7488
6473 7489
2383 1964
2383 7568
2383 6640
2383 2477
2383 2638
2383 5404
2383 6027
2383 6041
340 451
340 4752
340 2734
340 5512
340 5763
341 4738
341 1096
341 2495
4436 3819
4437 371
4437 3234
4437 3696
4437 7585
6488 3174
6488 4739
6488 5345
6488 7148
6488 2602
6489 7007
2398 1835
2398 2413
2398 4810
356 710
356 4724
357 5592
357 4035
4452 2734
4452 1502
4452 2920
6504 942
6504 5264
6504 6505
6504 6640
6504 1866
2412 7337
2413 6121
370 1080
370 6990
370 7053
370 7023
371 911
371 5793
371 6565
371 6785
4466 2920
4466 418
4466 4050
4467 2004
4467 5776
6518 833
6518 1472
6518 6581
6519 3015
6519 4051
6519 5641
6519 6088
6519 7520
6519 1160
2428 3158
2428 2921
2428 3909
2429 4827
386 3094
386 5265
386 695
387 1048
387 1787
387 802
4482 3483
4482 6784
4483 3603
4483 7727
6534 1628
6534 6753
6534 3788
6535 3094
6535 4003
6535 450
2444 402
2444 403
2444 512
2444 604
2444 1519
2444 5186
2444 5735
2444 7473
2444 5749
2444 7197
2444 7472
2445 1933
2445 2556
2445 4888
2445 6548
2445 7197
402 7197
402 2556
402 5735
402 403
402 7473
403 5735
403 7472
403 5512
403 3635
4498 418
4498 2783
4498 5792
4498 7585
4498 3450
4498 5450
4499 1866
4499 5748
4499 2937
6548 2639
6549 5749
6549 7401
2460 3014
2461 5748
2461 5777
2461 4921
2461 5545
2461 4753
2461 7649
2461 3387
418 588
418 6816
419 7244
419 1268
4514 4753
4514 1690
4514 2477
4514 7568
4515 499
4515 589
4515 649
4515 1097
4515 1268
6564 1330
6564 1582
6564 5297
6564 5328
6564 6104
6564 1502
6564 7304
6564 7632
6565 1331
6565 1408
6565 3451
6565 3482
6565 3498
6565 4662
6565 5793
6565 5886
6565 6894
6565 7632
2476 6596
2476 7117
2476 3079
2476 3602
2476 5139
2477 451
2477 529
2477 1518
2477 6657
2477 4711
2477 5763
2477 2766
2477 3047
2477 3267
2477 4589
2477 4752
2477 4861
2477 5297
2477 5762
2477 6846
2477 7069
434 1268
434 5234
435 6816
435 894
6580 7133
6580 556
6580 6800
6581 833
6581 2845
6581 5930
6581 5978
6581 556
6581 7133
2494 3772
2494 7758
2494 2495
2494 3803
4544 5962
450 1567
450 7601
450 3355
450 5995
451 4752
451 5763
451 4904
6596 1096
6596 1207
6596 1988
6597 5687
2510 3666
2511 910
2511 5687
2511 3635
2511 5672
4558 6801
4558 5545
4558 5312
466 681
466 5418
466 5900
467 4035
467 5280
467 5593
467 5995
6610 1020
6610 1786
6610 4051
6610 6863
6610 6720
6610 7678
6610 6862
6610 7520
6610 7414
6610 7679
6611 512
6611 694
6611 1129
6611 1236
6611 1237
4572 5015
4573 3954
4573 3955
2526 1456
2526 5734
2526 2860
2526 5122
2526 7320
2527 4035
2527 3696
6624 5391
6624 7149
6624 6704
6625 975
6625 7569
6625 7584
482 3062
482 1503
482 5419
483 6121
483 4861
4588 1901
4589 1049
4589 2020
4589 3681
4589 5251
4589 4861
2542 3529
2542 4066
2542 1268
2542 1850
6640 942
6640 974
6640 3528
6640 3558
6640 7568
6640 7632
6641 1299
6641 1818
6641 7023
6641 1081
6641 512
6641 7584
498 4827
498 2750
498 3110
498 5687
499 649
499 849
499 1097
2557 7726
2557 5871
4604 788
4604 1472
4604 2703
4604 3142
4604 5528
4604 573
4604 5545
4604 6673
4604 6736
4604 7132
4604 7274
512 772
512 5186
512 5202
513 1236
513 694
513 1771
513 4678
513 6975
513 7617
6656 557
6656 6073
6657 529
6657 3619
4618 7520
4619 4920
2572 1582
2572 6040
2572 6879
2572 6878
2572 7600
2572 5107
2572 5822
2572 3307
528 7648
528 7320
528 7742
528 5792
528 6910
528 5044
528 1486
528 6878
528 6959
529 1518
529 7069
529 942
529 1096
529 3307
529 3681
529 5391
529 5763
6672 6673
6673 6736
6673 4766
2586 1298
2586 1963
2586 3940
2586 6926
2586 7414
2586 7443
2587 7053
2587 6990
2587 1080
2587 5061
2587 5963
2587 7288
4634 3338
542 7442
542 5994
542 3014
543 3619
543 5496
6688 1282
6688 7568
6688 6846
6689 4738
4648 803
4648 4810
4648 5090
2602 1900
2602 5641
2602 5962
2602 6088
2602 7052
2602 7259
2602 7305
2603 943
2603 1376
2603 4905
2603 3174
2603 942
556 1315
556 557
556 573
556 727
556 833
556 2845
556 5265
556 5312
556 5528
556 5529
556 5930
556 6072
556 6073
556 6800
556 7133
556 7649
557 3094
6704 2622
6704 6705
6705 1252
4662 849
4662 3451
4662 3892
4662 6894
4662 7229
4662 649
4662 5886
4663 1676
4663 3451
4663 7181
573 1315
573 1566
2622 1252
2623 1473
2623 1742
2623 3095
2623 4679
2623 5451
2623 6958
2623 7488
6720 1020
6720 6863
6720 7504
6720 7505
6721 3878
4678 1223
4679 3095
4679 5281
4679 5451
588 1756
588 1598
588 1268
589 1268
589 1599
589 1756
2639 7442
6736 5545
6737 2671
6737 1787
6737 3355
4694 1770
4694 5015
4695 7068
4695 7442
604 3338
604 5186
604 1519
604 5187
604 5735
605 5560
605 3893
605 988
605 989
605 5672
2654 5280
2654 5482
2655 1690
2655 3386
2655 5375
2655 4753
6752 2671
6752 7352
6752 3306
6753 3467
6753 5170
4710 4711
4710 7068
4710 7069
4710 7288
4711 7288
4711 7695
618 5703
618 1599
618 2782
618 7553
619 3355
619 7601
619 1628
2671 7352
2671 7244
2671 3306
6768 1932
6768 2828
6768 3574
6768 3788
6768 6895
6768 6894
6769 2828
6769 2829
6769 5361
6769 6105
4724 710
4724 1004
4724 1005
4724 1884
4724 5044
4724 5344
4724 7337
4724 7368
4724 7369
4725 5994
634 5529
634 635
634 5528
634 3925
635 3925
635 7789
2686 1034
2686 2687
2686 7489
2687 3666
2687 3955
2687 1035
2687 1916
2687 5360
6784 1486
6784 5496
6784 5871
6784 3402
6784 7164
6784 7789
6784 3371
6785 2967
6785 7649
4739 664
4739 1901
4739 3127
4739 3174
4739 3218
4739 3234
4739 5345
4739 4969
648 5657
648 1486
648 3403
648 1487
648 7789
649 1097
649 849
649 1268
2702 1901
2702 5625
2702 3030
2702 6057
2703 5122
2703 3142
2703 5686
2703 5545
2703 5544
4752 5763
4752 5762
4753 1690
4753 3386
4753 3387
6800 2983
6800 3419
6800 7133
6800 2845
6800 5528
6801 2983
6801 4018
6801 5544
6801 5545
6801 5528
6801 7275
664 3174
664 5345
664 1885
664 5609
665 1377
665 5219
665 926
665 3619
665 3338
665 1376
2718 1457
2719 4953
2719 5673
4766 1707
4766 4767
4766 5978
4766 5467
4766 7132
4767 1706
4767 1707
4767 5978
4767 5467
4767 7132
6816 773
6816 894
6816 2920
6816 5528
6817 1080
6817 6990
6817 7053
6817 7428
680 4904
680 1440
680 3925
681 5418
681 5900
681 2876
681 3696
681 4998
4780 910
4780 3635
4781 7415
4781 1989
2734 5512
2734 1424
2735 3339
6832 6833
6832 1707
6833 4002
6833 7117
6833 6862
694 1236
694 6105
694 695
694 1629
694 3418
695 803
695 3418
4796 6136
4796 5512
4796 4035
4797 3788
4797 1424
4797 4953
4797 5250
4797 7679
2750 4827
2750 3110
2750 5512
2751 817
6846 6847
6846 5404
6846 7585
6847 5404
6847 3924
711 1128
4810 3251
4810 1363
4811 7789
4811 5045
2766 1691
2766 5122
6862 1646
6862 3758
6862 4002
6862 7117
6863 1020
6863 4051
726 7711
727 2845
4826 988
4826 989
4826 5467
4826 7258
4826 1707
4827 3110
2782 3772
2782 5686
2782 5122
2782 3142
2782 6910
2783 895
2783 5887
2783 3450
2783 7694
2783 5792
2783 1331
6878 7084
6878 6879
6878 7442
6879 6040
6879 7600
742 3666
742 7384
742 1706
742 5529
742 743
743 1900
743 2906
4842 5673
2798 910
6894 1614
6894 3451
6894 5886
6894 5946
6894 6895
6894 1933
6894 1867
6894 5793
6895 3574
6895 1933
6895 1867
6895 7775
758 5171
758 1850
759 3924
759 1819
759 7788
2813 4937
2813 1298
4860 3512
4861 3681
6910 1035
6910 1190
6910 1330
6910 1393
6910 1502
6910 4050
6910 4984
6910 5962
6910 6911
6910 7149
6911 5995
6911 7442
6911 3878
772 5202
773 5528
773 7369
4874 5994
2828 1932
2828 2829
2828 5361
2828 6120
2828 7775
2829 5361
6926 6927
6926 7585
6927 5793
6927 1331
788 5545
788 5528
4888 848
4888 4889
2844 1472
2844 3142
2844 5777
2844 5686
2844 5544
2844 5748
2844 3046
2844 3094
2844 3355
2844 4921
2844 7536
2845 833
2845 6072
2845 7133
6942 2020
6942 6943
6942 1331
6942 7180
6943 1222
6943 3482
6943 5435
802 1048
802 1787
802 4985
4904 1080
4905 943
4905 1175
4905 6041
4905 942
4905 7456
2860 7633
2860 3634
2860 7710
2861 3250
2861 6105
6958 1034
6958 3095
6958 816
6958 7488
6958 5045
6959 3371
6959 7789
6959 3402
6959 7320
816 3095
816 7488
816 5045
816 5915
816 7385
4920 4003
4920 5512
4921 3046
4921 3094
4921 5777
4921 5545
4921 5544
4921 5296
4921 5930
4921 7400
2876 5900
2876 3848
2876 974
2877 1020
2877 1190
2877 1191
2877 5640
6974 3634
6974 7600
6975 7068
832 7401
832 1802
833 7505
4936 1486
4936 3402
4936 5792
4936 7789
4936 7274
2892 5028
2892 5374
6990 1080
6990 1283
6990 3190
6990 7053
6991 7710
6991 3204
6991 3046
6991 1049
848 1519
849 7229
849 7758
849 3892
849 7428
4953 1206
4953 6040
4953 7101
2906 1900
2906 6027
2906 5854
7006 1583
7006 3451
7006 7117
7006 1550
864 865
864 3878
864 5686
864 4984
864 5450
864 5995
865 3878
865 879
865 895
865 3307
2920 2036
2920 3588
2921 2967
2921 3158
2921 7489
4968 1034
4968 3159
4968 5345
4968 4969
4969 3174
4969 5139
4969 7117
878 2966
878 5451
879 7442
879 3355
7022 7149
7022 7320
7023 1299
7023 1081
7023 7584
2937 3219
4984 1393
4984 3387
4984 5686
4984 3892
4985 1269
4985 3322
894 5994
894 3954
7038 1948
4998 5900
4999 1282
4999 7568
2952 3467
7052 3387
7052 5962
7052 7165
7052 1035
7053 1080
7053 3190
7053 5029
7053 5963
910 3635
911 1676
2966 7212
2967 7489
2967 5375
2967 3158
2967 5593
2967 5931
5014 3063
5014 5687
5014 5091
5015 7228
7068 7116
7068 7443
7068 7456
7069 1518
926 3403
926 5900
926 4035
5028 1989
5028 4034
5028 7415
5029 6041
2982 4035
2982 5901
2982 5855
2983 1534
2983 5528
2983 5545
7084 7789
942 5091
942 7568
942 943
942 1175
942 6041
943 6041
5044 3619
5044 5219
5045 3095
5045 7289
2998 7321
2999 1065
2999 7352
7100 5792
7101 1835
7101 5545
959 5529
959 5838
5060 3893
5060 5672
5060 7568
3014 5994
3015 6088
3015 1160
7116 5947
7117 1393
7117 1646
7117 1691
7117 3602
7117 4002
975 7321
975 1503
5074 5512
5075 5512
5075 7711
3030 6057
3031 7353
988 5673
988 7258
988 989
988 7520
7132 5467
7132 1707
7133 1534
7133 5265
7133 5528
5090 1851
5090 1867
3046 1472
3046 3094
3046 5544
3046 7274
3046 3142
3046 7505
3047 2004
3047 1362
1004 1867
1004 1550
1004 1884
1005 7337
7148 1034
7148 1252
7148 5734
7148 7164
7148 7212
7149 1035
7149 1190
5107 6040
5107 7600
3062 1503
3062 5419
3063 7504
1020 5640
1021 1599
1021 3803
7164 1252
7164 4034
7164 5734
7164 7212
7165 7353
7165 7726
5122 3142
5122 5686
5122 5482
5122 5544
5123 3126
5123 3512
5123 3513
3078 1660
3078 5138
3078 5979
3079 1096
3079 7415
3079 4034
1034 7385
1035 1190
1035 5962
1035 3772
1035 3387
7180 3435
7180 5793
7181 1064
7181 1409
5138 1660
5138 5979
3094 1472
3095 1473
3095 1851
3095 5374
3095 5915
3095 7488
1048 1787
1049 2020
1049 5251
1049 7568
1049 3909
7196 7665
7197 7472
5154 3283
5154 5806
5154 7289
5155 7321
5155 5855
3110 1551
3110 5264
3110 3802
3110 3803
3111 5250
1065 5855
1065 7321
7212 1174
7212 3283
7212 3284
7212 7213
7212 1252
7212 7537
7213 1392
7213 7537
5170 5854
3126 5900
3126 7775
3126 3127
3127 5625
3127 3603
1080 1283
1080 3190
1081 1299
1081 7584
1081 1818
1081 3559
1081 3971
1081 5839
7228 5234
7229 7428
7229 7758
7229 1268
5186 1519
5187 3498
5187 5512
5187 5687
5187 1424
5187 5822
5187 6136
5187 7504
3142 1472
3142 5686
3142 5544
3142 5777
3142 5748
3142 3143
3143 5544
3143 7601
3143 5686
1096 4034
1097 1268
1097 1567
7244 3354
7244 3306
7245 1269
7245 1551
5203 5735
3158 5375
3158 5673
1112 5807
1113 1646
1113 1472
7258 1425
7258 5673
7258 7520
7258 7679
7259 5962
5218 5822
3175 3387
1128 5593
1129 1236
1129 6105
1129 7520
7274 6105
7275 5528
5234 1268
5235 5512
5235 3306
1144 3204
1144 1145
1145 3204
1145 7415
7288 5963
7289 3235
7289 5806
7289 1835
5250 5466
5251 2020
5251 7788
3204 5561
3204 3743
3204 7788
1160 6088
1160 5641
1161 5281
7304 1330
7304 7758
5264 3803
5264 1268
5265 5749
3218 5482
3218 5345
3218 5870
7320 5792
7320 7742
7320 7648
7321 1362
7321 1503
7321 3848
7321 5855
5281 5748
5281 5297
3234 3696
3235 5931
3235 5375
1190 5640
1190 1191
5296 7775
3251 3802
3251 5763
1207 1988
7352 1566
7352 3306
7352 3512
7352 3513
5312 1472
5312 5528
3266 5792
3266 2020
3267 5839
1222 3482
1222 5435
1222 7789
1223 5529
7368 5703
7368 7369
7368 3371
5328 3650
5329 5496
5329 3371
3283 5577
3283 3284
7384 5391
7384 1706
7385 2037
7385 5915
7385 7726
1252 5734
1252 4067
1253 1268
7401 1802
3306 1566
3306 1867
3306 3307
3306 5792
3307 1567
5360 1535
5360 5405
5361 7520
5361 6120
5361 6011
1268 1756
1268 1598
1268 1599
1268 1850
1268 3529
1268 4067
1268 5702
1268 5703
7414 1963
7414 7520
3322 7428
3323 3544
3323 5467
3323 3802
3323 5466
5374 7488
5375 3386
5375 1690
1282 7568
1282 5672
1282 6041
1283 3451
7428 7758
3338 1519
3338 3339
3338 5749
3339 5735
1298 6056
7442 3498
7442 7616
7443 1963
7443 1964
7443 1965
3354 7601
3355 6010
3355 7536
5404 7710
5404 5405
5404 7616
7456 2020
7456 7457
7457 7473
1314 1315
1315 5930
1315 6073
3371 7789
3371 3402
3371 3403
3371 5496
3371 5657
3371 5871
5418 5900
5418 5419
5419 1362
5419 5900
5419 5901
7472 7473
7472 1519
7473 5749
7473 5735
1330 5792
1330 1502
1330 2004
1331 5793
1331 5887
1331 3450
1331 3482
1331 5435
1331 5886
3386 1690
5435 3482
5435 5886
7488 5915
7489 1742
7489 5673
7489 5931
7489 7759
1346 7585
1346 3450
1346 1409
1347 1726
1347 1727
1347 7520
3402 1486
3402 7789
3402 5871
3403 6137
3403 3559
3403 5657
5450 3892
5450 1916
5450 5995
7504 1771
7504 7505
1362 5901
1362 1457
1362 5592
1362 5994
3418 3419
3419 1629
3419 6105
3419 5545
5466 3544
5466 5467
5467 1707
1376 1377
1376 3864
1377 3619
7520 6011
7521 1727
3434 3435
3434 3893
5482 5870
1392 1916
7536 7775
7536 7601
7536 3772
7536 1472
7537 3971
7537 7775
5496 5871
3450 7585
3450 5887
3451 5886
1409 3466
7553 5855
5512 3955
5512 5513
5512 5577
5512 7711
5513 5822
3467 1691
3467 1916
3467 1424
3467 4066
1424 5687
1424 1567
1424 1582
1424 1916
1424 4082
7568 2020
7568 3558
7568 5963
7568 6041
7569 3848
5528 1534
5528 5545
5528 5748
5528 7649
5529 1440
5529 4018
5529 5838
3482 5886
1440 1441
7584 1818
5544 1472
5544 5777
5544 5686
5545 1534
5545 5777
3498 7617
1456 5734
1456 5792
1457 5994
1457 1916
7600 3513
7600 6040
7601 3773
7601 5947
3512 5900
3512 3513
1472 5777
1472 5686
1473 5673
3528 5577
3529 7758
1486 5657
1486 1487
1486 5792
1487 5657
7633 3634
7633 5687
3544 1819
5592 5901
5592 1502
5593 3697
5593 5624
1502 2004
1502 7710
7648 7742
7648 5792
7648 6104
3558 1819
3558 3924
3559 3924
5608 5609
5609 2036
1518 3574
7664 3940
7664 7678
7664 6105
7664 7665
7665 1964
5624 3742
5625 1901
1534 5777
7678 1770
7678 3940
7678 7742
7678 7679
7679 3940
5640 5641
5641 4051
1550 1551
1550 1867
1550 3864
7694 7695
3603 4002
1566 5792
1566 1867
1567 4067
1567 4082
7710 1932
3618 3818
3619 4035
5672 3893
7726 5962
7727 1819
7727 5962
3634 3681
3634 5687
5686 3772
1598 1756
1599 5703
7742 1726
7742 3940
7743 1867
7743 1884
3650 3651
5703 3878
7758 3892
7758 7759
3666 1916
5718 5823
5718 1989
5719 6011
5719 6010
1629 6105
7775 1932
7775 6120
3680 5735
3680 3802
3681 6121
5735 5839
5735 5838
7788 3924
7789 5871
1646 4002
5748 6072
1660 5979
1661 1989
1661 5823
3712 1706
5762 5855
1676 3924
1676 1948
3728 1819
3728 5962
3742 5963
3743 4035
5793 5886
5793 5887
1707 5978
1707 1803
5807 1900
3772 5947
1726 3940
1726 6104
1727 6105
5838 5839
5839 3970
3803 4066
1770 1771
3818 3849
3818 4035
1786 4051
3849 4035
1802 6072
1803 6073
1803 5978
5901 4035
1819 3924
1835 6105
1835 1884
1835 6136
1850 4050
1850 1884
1850 4066
5946 1988
5946 3986
5962 1900
5962 2037
5962 2004
1884 1885
5994 3954
5994 6026
5995 6040
1900 6027
3954 3955
6010 6011
1916 4066
6027 1964
3986 1963
3986 3987
3987 1963
6041 2020
4035 6136
4050 2004
2004 2005
6104 6105
