2048 367
2048 1404
2048 7347
2048 4199
2048 6560
6147 615
6147 4246
6147 5197
4107 493
4107 906
4107 2394
4107 3230
4107 3754
4107 3844
4107 4122
4107 6006
4107 4369
4107 5308
13 4674
13 3950
13 2887
14 3122
14 5086
2063 5507
2063 4494
2064 4077
2064 905
2064 2793
2064 3350
6161 367
6161 3106
6161 3478
6161 3920
6161 5198
6161 5788
6161 7499
6161 7548
6162 2299
6162 4493
6162 660
4122 2222
4122 3903
4122 5245
4122 1642
4122 3904
4122 6006
4122 3844
4122 5603
4122 6084
29 4478
29 4077
29 5540
2079 798
2079 1468
2079 3261
2079 2080
2080 1561
2080 583
2080 1468
6177 4077
6177 4478
4137 783
4137 906
4137 2730
4137 2902
4137 4138
4137 5324
4137 6499
4138 245
4138 906
4138 938
4138 3829
4138 4260
4138 6499
43 3613
43 1451
2095 2096
6191 7285
6191 3723
6191 3830
6192 171
6192 524
6192 659
6192 1016
6192 2793
6192 3245
6192 3246
6192 3317
6192 3462
6192 3936
6192 5182
6192 5214
6192 5759
6192 6953
4152 5865
4152 5492
59 3430
59 3429
59 5134
59 784
60 3691
60 1108
60 1202
60 875
60 2332
2111 1514
2111 2157
2111 7331
2111 2840
2111 3950
2111 4493
2112 106
2112 953
2112 1958
2112 2157
2112 7738
2112 5371
6207 659
6207 3676
4167 4554
4167 539
4167 5166
4167 3783
4168 630
4168 905
4168 1341
4168 1530
4168 7315
75 2855
75 7547
75 3300
75 3058
75 3230
75 3413
75 4200
75 4916
75 7531
76 567
76 3554
6221 4899
6221 5324
4184 6811
4184 6621
4184 4526
4184 1139
91 7002
91 4525
91 3724
6235 1911
6235 5276
6235 7347
6235 7224
6235 6843
6235 6380
6235 7223
6235 7453
2141 7379
2142 1015
2142 1497
2142 7379
2142 5941
6236 5275
6236 2204
6236 7347
6236 4525
4199 3859
4199 3860
4200 1656
4200 2746
4200 3350
4200 6099
105 1483
105 3105
105 2839
105 1388
106 1388
106 2839
106 1483
6251 4856
6251 6874
6251 7017
6252 3539
2157 937
2157 953
2157 1483
2157 1514
2157 1958
2157 4062
2157 6267
2157 6284
2157 6529
2157 7331
2157 7660
2158 4339
2158 7192
2158 4340
4215 5340
121 5118
121 122
122 2887
6267 446
6267 1000
6267 2977
6267 6268
6267 6515
6267 7660
6268 5635
6268 3073
6268 7159
6268 7515
6268 7738
2173 3965
2174 288
2174 367
2174 1720
2174 2855
2174 3106
2174 7548
2174 2490
2174 3333
2174 3997
2174 4568
2174 7722
4230 3645
4230 4855
137 5071
137 138
137 4275
138 769
138 4658
138 5415
138 6591
138 7270
138 7627
6283 4689
6284 5803
6284 1958
2189 7690
2189 397
2189 1814
2189 7175
2190 397
2190 4014
2190 6635
4245 2016
4245 2840
4245 4340
4245 4339
4246 615
4246 1656
4246 2871
4246 3349
4246 5356
4246 5197
4246 7800
153 7191
153 4493
153 1483
2204 2408
2204 4525
6301 738
6301 7770
6301 7191
6301 6905
6301 7018
4260 3981
4260 245
171 5745
171 1594
6315 7127
6315 6331
2221 2978
2221 2522
2221 6395
2222 3904
2222 5245
2222 3903
2222 1642
2222 1529
2222 5603
2222 7096
6316 382
6316 414
6316 1829
4275 2777
4276 5039
185 1702
185 5461
185 3584
185 7516
185 6455
185 5478
185 5429
185 6021
186 4030
186 5668
186 738
6331 1107
6331 1545
6331 4540
6331 5010
6331 5371
6331 5492
6331 7628
6332 1814
2237 6636
2237 3888
2237 4705
2238 1185
2238 5229
2238 6858
2238 5340
4291 1404
4291 215
4291 4568
4291 4292
4292 3262
200 2423
200 2649
200 303
6347 5165
6347 430
6348 2777
6348 5445
2253 4400
2253 1404
2253 2552
2253 7159
2254 287
2254 584
2254 4763
2254 6022
2254 6700
2254 7300
4307 6763
4307 599
4307 7483
4308 6363
4308 6811
4308 7364
215 4568
215 1911
215 659
215 5040
215 3057
215 6970
6363 1092
6363 4822
6363 2489
2268 493
2268 4340
6364 1264
6364 1797
6364 2616
6364 3349
6364 3903
6364 5356
6364 1642
6364 3598
6364 4509
4323 1233
4323 4979
4323 1309
4324 1943
4324 1798
4324 1325
4324 4995
4324 6732
4324 398
4324 2015
229 230
230 5926
230 287
230 6021
2283 1342
2283 2839
2283 7191
2284 2665
2284 1404
6379 6621
6379 6051
6379 5025
6380 7239
4339 4340
4340 2016
4340 2582
4340 7192
245 3829
245 938
2299 2300
2299 5524
2300 1830
2300 4014
2300 2681
6395 4948
6395 7785
6395 2522
259 1720
259 7207
259 7332
259 523
259 2394
259 5307
259 7143
2315 3662
2315 5865
2315 3366
2315 3569
2316 7689
2316 7690
2316 4568
2316 7175
2316 2455
2316 7176
6411 1702
6411 4029
6411 4791
6411 6812
6411 6811
6411 5555
273 999
273 1562
273 5668
4369 1091
4369 3630
4369 5461
4369 4706
4369 5056
4370 2633
4370 4416
4370 5291
4370 7080
6426 3919
2331 875
2331 2332
2331 7689
2331 1814
2332 1202
2332 3691
2332 875
287 5926
287 6021
288 5213
288 6700
288 6828
288 7548
288 1981
288 584
4385 5773
4385 7379
4386 461
4386 5941
4386 5055
6440 2856
6440 3261
6440 7095
2347 4932
2348 3692
2348 5604
2348 6889
303 1514
303 1218
4400 1060
4400 7706
4400 3598
4400 4777
4400 2793
4400 5446
6455 2616
6455 5461
6455 953
2363 4837
2363 5636
2363 1861
319 2616
319 1264
319 3844
319 1404
319 705
319 890
319 4415
319 5713
319 7208
319 7753
320 615
320 1264
320 7706
320 1797
320 5588
320 6668
4415 2522
4415 7515
4415 3844
4416 722
4416 1358
4416 5291
6469 7411
6469 4900
6469 567
2378 336
2378 4674
2378 1766
335 2916
335 568
335 7579
335 3398
336 4568
4431 1326
4431 1341
4431 3676
6483 3429
6484 3430
6484 3429
6484 1829
2393 1059
2394 1123
2394 3073
2394 2439
2394 3844
351 2597
351 4540
351 3074
352 659
352 3584
4447 4448
4448 430
4448 889
6499 3829
6499 5571
6500 1000
2408 414
2408 1880
2408 1958
4462 6132
4462 7033
4462 6131
4462 1781
367 4629
367 3106
367 2855
367 1404
367 5386
367 2947
367 3478
367 3874
367 3997
367 5307
367 7363
367 7548
6515 5291
6515 5926
6515 7112
2423 1497
2423 5055
2423 3154
2424 2665
2424 4629
381 382
382 1911
382 5275
382 7347
4477 2746
4477 2888
4477 430
4477 5308
4478 4735
4478 6747
4478 7643
6529 3753
6529 6530
6529 6668
6530 6874
6530 2977
6530 3646
2439 3073
2439 7191
2439 6954
2440 1076
2440 5386
2440 6796
2440 3998
2440 4584
2440 6100
397 4014
397 7175
397 4721
397 784
397 844
397 6635
397 7176
398 1943
398 1325
398 4995
398 2015
398 1124
398 1944
398 4673
398 5571
398 5957
398 6683
4493 844
4493 7191
4493 4932
6545 738
6545 2521
6545 7017
2455 1171
2455 4777
2455 2456
2456 4029
2456 3413
2456 5555
2456 4568
2456 6100
2456 4777
2456 7515
414 1958
4509 2616
4509 3026
4509 3754
4509 6636
4509 1264
4509 4792
4509 5803
4510 738
4510 1641
4510 1686
4510 2746
4510 5714
4510 2616
4510 1983
6559 889
6559 906
6559 3754
6560 5117
6560 1686
2471 3261
2471 2472
429 1015
429 2948
429 5834
430 2746
430 2745
430 2794
430 3137
4525 3724
4525 5523
4526 1139
4526 1140
4526 1155
4526 3042
6575 3089
6575 4705
6575 2552
2489 630
2489 5085
2490 5604
4540 5010
445 1060
446 2824
446 2047
6591 523
6591 4046
6591 4658
6591 5619
6591 6592
6592 5619
6592 1846
2505 6699
2505 5973
2505 2506
2506 5651
2506 5833
2506 6699
4554 3334
4554 5009
461 7785
461 5941
462 7706
462 600
462 1981
462 5773
6607 5149
6607 4599
6607 1467
4568 659
4568 1060
4568 5555
4568 5040
4568 7706
4568 4777
4568 5446
2521 7395
2522 705
477 3540
477 478
477 1451
478 567
478 6716
478 4963
6621 3074
6621 3230
6621 4029
6621 5040
6621 5603
6621 6811
6621 6748
6621 6812
4583 4029
4583 4792
2538 4705
2538 567
2538 5401
6635 4014
6635 7660
6636 2888
6636 3349
6636 5308
6636 5588
6636 7425
6636 1404
6636 6796
6636 7364
493 494
494 2855
494 1404
494 3829
494 4629
4599 798
4599 1467
2552 5926
2552 7001
4600 676
4600 5149
6651 6652
6651 6905
6651 5973
4614 4995
4614 7191
4614 3950
2567 1420
2567 3691
2568 1610
2568 1912
523 7627
523 4629
523 7143
524 7611
524 3317
524 3318
524 6699
6667 3073
6667 4690
6667 6748
6667 4932
6668 2047
4629 1404
4629 1845
4629 2855
4629 3106
4629 3874
2582 3569
2582 6986
2582 1155
2582 5524
2582 3137
4630 1076
4630 1928
4630 3645
539 3539
539 3554
539 6827
539 5150
6683 5386
6683 6921
6683 7363
4644 721
4644 7770
4644 5698
2597 2598
2597 6780
2598 1927
2598 2777
553 722
6699 2777
6699 2794
6700 584
6700 2948
6700 5213
4658 859
4658 860
4658 2994
4658 5619
4658 5415
567 7579
567 568
567 600
567 6715
567 7240
568 6715
568 7579
568 2916
568 6716
2616 615
2616 1263
2616 1264
2616 1642
2616 1797
2616 1983
2616 3645
2616 4792
2617 3477
2617 921
6715 5788
6715 6716
4673 1325
4673 2015
4673 1943
4673 1124
4673 7224
4674 599
4674 1766
583 921
583 999
583 827
583 922
583 2697
583 4947
584 7300
584 6874
2633 7580
2633 5246
2633 7499
2634 2730
2634 7564
6732 1798
6732 1846
6732 3508
6732 3661
6732 3814
6732 4995
6732 5925
4689 1185
4689 3584
4689 7483
4689 7468
4689 7127
4690 4061
4690 1309
599 1927
599 5897
599 6812
600 7706
600 1981
600 5246
600 7548
600 3813
600 5117
600 1983
2649 2650
2649 7643
2649 3874
2650 7643
2650 7159
6747 4735
6747 7500
6748 3200
6748 6811
6748 4029
4705 3524
4705 3888
4705 828
4706 5056
4706 4931
4706 5009
4706 5401
615 1264
615 1797
615 5356
615 2871
615 5197
2665 6811
2665 5555
2665 1404
2665 4061
2665 3382
2665 3413
6763 1435
6763 3366
6763 2793
6763 5214
6764 3041
4721 4948
4721 4014
4721 4963
629 630
629 921
629 7721
630 5085
2681 4014
2681 3888
2681 5133
2682 6954
2682 1927
645 5697
2697 999
2697 2698
2697 1452
2698 6022
2698 6906
6795 4931
6795 3398
6795 1045
6796 1279
6796 3903
6796 3904
6796 6006
6796 5386
6796 7425
659 660
659 7769
659 2932
659 3462
659 3707
659 7063
660 4979
660 7660
660 5524
660 2824
660 1059
660 1218
660 2714
660 7769
2713 1185
2713 7468
2714 5339
2714 7769
2714 3462
4763 905
6811 3200
6811 4029
6811 5555
6811 5603
6811 7207
6811 6812
6812 4029
6812 5555
676 1468
2729 4856
2729 921
4777 1171
4777 3200
4777 5446
4777 5974
4777 7515
4777 7706
6827 2993
6828 3333
6828 5788
6828 5117
691 4792
691 5010
4791 3074
4791 4029
4791 4822
4791 4931
4792 1186
4792 4029
4792 1981
2745 2746
2746 6099
6843 7347
6843 1911
6843 7379
706 5307
706 3844
706 5713
706 3430
4807 5866
2761 1247
2761 3041
2761 3042
2762 7411
2762 3041
2762 3121
6857 7380
6857 5651
6857 5973
6858 5229
6858 5340
721 5698
721 7770
722 7580
4821 3398
2777 5323
6873 4900
6874 953
6874 954
6874 1982
6874 2031
6874 2032
6874 3414
6874 3539
6874 3646
738 1720
738 3844
738 3300
4837 1185
4837 5508
4838 1983
4838 1404
4838 1928
4838 5308
2793 905
2793 5214
2793 3936
2793 5275
2793 7332
2793 7785
6889 783
6889 5102
6889 5429
6889 5430
6889 6890
6890 1578
6890 7160
753 4964
753 7348
754 1045
2808 3261
4856 1341
4856 3414
4856 4915
6905 5973
6905 7499
6905 6906
6905 7596
6906 7595
769 7270
2824 1060
2824 7769
2824 7706
2824 3106
2824 3333
2824 7722
4871 3768
6921 1387
783 7347
783 5117
783 3025
783 5324
783 7453
784 5524
4884 3461
4884 1610
4884 1342
4884 1326
4884 5229
2839 1483
2839 1610
2840 953
2840 1958
6937 3025
6938 3073
6938 1139
6938 3844
798 7316
4899 3398
4900 2032
4900 3554
2855 1404
2855 1845
2855 3106
2855 3829
2855 3478
2855 3874
2855 7207
2856 1514
2856 3261
2856 3262
2856 3830
6953 7033
6954 1861
6954 5478
4915 1075
4916 1075
4916 1845
2871 5356
2872 5833
2872 5834
6969 7347
6969 5275
6969 7224
6970 1529
6970 905
6970 5926
827 1561
827 3089
828 5787
828 5588
828 1403
4931 953
4931 5009
4932 1404
4932 7659
2887 3214
2888 1593
6985 1452
6985 1895
6985 3090
6985 3366
6985 5276
6985 5989
6985 5214
6986 3350
843 5025
844 7659
844 3708
4948 3888
4948 7785
2902 3261
7001 7705
859 860
859 5619
859 5415
860 5415
4963 7785
4963 2994
4964 1782
4964 2994
7018 954
7018 1483
875 5214
875 1108
875 1201
875 1202
875 3691
2931 1326
2931 7468
2931 2932
2931 7063
4979 7660
4979 7532
4979 5446
4980 1233
889 1593
890 5651
890 3844
890 3317
890 7347
890 5882
7033 6131
7033 7034
7034 3170
2947 1140
2947 7207
2947 1404
2948 3245
2948 3246
2948 3261
2948 7380
4995 3798
4995 3950
4995 1325
4995 1943
7048 1752
7048 7285
7048 1861
7048 3830
7048 7516
905 5214
905 4013
906 3754
906 7128
5009 5942
5009 3089
5009 3570
2962 5926
2962 1829
2962 3888
5010 6131
7063 7064
7064 1624
2977 7705
2978 7159
5025 2047
5025 5039
5025 5056
5025 5292
5025 5461
5025 7754
7079 2015
7079 1325
938 3829
5040 3540
5040 5385
5040 7285
2993 1781
2993 2994
2994 1781
2994 1782
2994 3570
7095 1186
7095 7270
7096 1752
7096 1060
953 1982
953 3646
953 5881
953 7516
954 1483
5055 3365
5055 2015
5055 5507
5056 3630
3009 7192
3009 3010
3010 7192
3010 3981
7111 5817
7111 1342
7111 1610
7111 7500
7112 3074
969 7689
969 970
3025 3074
3026 1982
3026 1702
7127 1862
7127 7468
7127 7483
7128 3317
7128 3318
985 1814
5085 1530
5085 7721
3042 1155
3042 5524
999 1404
999 7191
999 1075
999 1139
999 1452
7143 3300
7143 3860
7143 7722
7143 1928
7143 3350
7144 6115
5102 3645
5102 5355
3058 1879
3058 1880
3058 3300
1015 5759
1016 5745
1016 3186
1016 3245
1016 3246
1016 3278
7159 3214
7160 1578
5117 1686
5117 1845
5117 3333
5117 3738
5117 3813
5117 5507
5117 5118
5117 7363
5118 1686
5118 1529
5118 6068
3073 1075
3073 3844
3074 5881
7175 7176
7175 7689
7175 7690
7175 1813
7175 1814
7176 7689
7176 1814
5133 4014
3089 1546
3089 3090
3090 1546
3090 3982
7191 1075
7191 1076
7191 1309
7191 1388
7191 4061
7191 7675
5149 1546
5149 3982
5149 5150
5150 3982
5150 1546
3105 1483
3105 1388
3106 1451
3106 1845
3106 3478
3106 7207
3106 3333
3106 5340
3106 7364
3106 7548
3106 7769
1059 7484
1059 7208
1059 3707
1060 3598
1060 3966
1060 7785
7207 1656
7207 1845
7207 5307
7207 5555
7207 5588
7207 5652
7207 7364
7207 7208
7208 1656
7208 3920
7208 7769
7208 7364
7208 7738
5166 3245
5166 5182
3121 3122
3122 7411
1075 1404
1075 1076
7223 7347
7223 1944
7224 7347
5181 5182
5182 3246
1091 5461
7239 5833
7239 7380
7240 5198
7240 5508
7240 5788
5198 5788
5198 7468
5198 5508
3153 3154
3154 3414
3154 5941
1107 1108
1108 1201
7255 3461
7255 3462
5213 3262
5213 3830
5214 1435
5214 7332
3169 5556
3170 1404
3170 1156
1123 1861
1123 7515
1124 1943
1124 1325
1124 2015
1124 5957
7269 7270
5229 1610
5230 1140
5230 1155
5230 3662
5230 1139
3185 3278
3185 3277
3186 5745
3186 3277
3186 3278
1139 1140
1139 3662
1139 1155
1140 1155
1140 3662
7285 4029
5245 1642
5245 1721
5245 3903
5245 3904
5246 1721
5246 6005
3200 5635
1155 3662
1155 5524
1156 5588
1156 1593
1156 3708
7299 3429
7299 1829
7300 1981
5261 1435
5261 4092
5261 7332
5261 5524
5261 1845
3214 1578
7315 7721
7316 1247
7316 3261
5275 7347
5276 7347
3229 7738
3230 1928
3230 3844
1185 5667
7331 1483
7331 7531
7332 1264
7332 7364
7332 5925
7332 7548
5291 7499
5291 1358
5292 3554
5292 3646
3246 1594
3246 3261
1201 1202
1202 3691
7347 1911
7347 3738
7347 7379
7347 7453
5307 5308
5308 1928
5308 5588
5308 1983
5308 6099
3261 1435
3261 3262
3261 3830
3262 3830
1217 5729
1217 5430
1218 7468
1218 1342
7363 3753
7363 3997
7363 5355
7363 7753
7363 3844
7363 1404
7364 1845
7364 5340
7364 5477
7364 5635
7364 7548
5323 5833
5323 5834
5324 7516
3277 5745
3277 3278
3278 5745
7379 5926
7379 5941
7380 5697
7380 5834
7380 3814
5339 5340
5339 5508
5340 5477
1247 1561
7395 7737
3300 7722
3300 3301
3300 5652
3300 3333
3301 4029
3301 5555
3301 3859
7396 3598
5356 1752
5356 1797
5356 3349
5356 3997
5356 1642
1263 3598
1264 7425
1264 1983
1264 1642
1264 1721
1264 1797
3317 7611
3317 3318
3317 5651
3318 7611
1279 3903
1279 1642
1279 1721
1279 3904
1279 5430
7425 1642
7425 1721
7425 1797
7425 1928
7425 1983
7425 5881
7425 6006
3334 1896
3334 3493
3334 5990
5385 3477
5385 3540
5385 4029
5386 3903
1293 5788
7439 1577
7439 1798
7439 1943
1309 3478
1309 1403
1309 1999
1309 5866
1309 7531
1310 1702
1310 5461
3366 1452
3366 3569
3366 3662
5415 3493
7468 1326
7468 1342
7468 5508
7468 7612
1325 1943
1325 2015
1325 5957
1325 1944
1325 3798
1326 1342
3381 3382
5429 1701
5429 5958
5429 5430
5430 5729
7483 7484
7484 2015
1341 1530
1341 3754
5445 5882
5446 7706
5446 1981
7499 7580
1357 5635
1358 7580
1358 5556
3413 1845
3413 6100
3414 3539
3414 2031
5461 1702
5461 2047
5462 5973
5462 7595
5462 5942
5462 7596
7515 5635
7516 1861
3429 3430
5477 3738
5477 3860
5477 5507
1388 1483
1388 3998
7531 1514
5492 1861
3445 3446
1403 5588
1404 1452
1404 3874
7547 1830
7548 1981
5507 1497
5507 5773
5507 5787
5507 5941
3461 3462
3462 7689
1419 1420
1420 7627
7563 7564
5524 3569
5524 3570
5524 5849
5524 7628
3477 3478
3478 1451
5539 1846
5540 3539
3494 1895
1451 3708
1452 3569
7595 6083
7596 5973
5555 4029
3508 3661
3508 7644
1468 1561
3524 3630
5571 1943
5572 4013
5572 3662
1483 1609
1483 3753
1483 3998
7627 7628
7627 1829
7627 7689
7628 1829
3539 1982
3539 3646
3539 3965
3540 1737
5587 5958
5588 5787
1497 1498
1497 3784
1497 5941
1498 7660
1498 3784
7644 3798
3554 2031
5603 1529
5604 3966
5604 5759
1513 1514
7659 4061
7659 7660
3570 5942
1529 3904
1530 3754
3584 1702
3584 4030
1545 1593
1545 3754
1546 3982
7689 1814
7689 7690
7690 1814
3598 1737
3598 1928
3598 4061
5651 5652
1561 4030
1562 1861
7706 3860
3613 3614
5667 7769
5667 3920
5667 3768
7722 3860
1593 1594
7738 3920
3645 6006
3645 6005
3646 1982
3646 2031
1609 1610
3661 1798
3661 3814
3661 3798
3661 5925
3662 3814
5713 5958
1624 5973
7770 6051
7770 6052
5729 6022
5729 5730
5730 6022
1642 3903
1642 3904
1642 1721
7785 1738
1671 5866
3723 3724
5773 5941
1686 6068
3738 3813
1701 5958
1702 6021
1702 4029
3753 3844
1721 3903
3768 3982
3783 3784
1737 1738
1738 5926
5833 5834
5849 1829
5849 1830
5849 5850
3814 1798
3814 1846
3814 5925
5865 1813
5866 3920
5866 4061
1781 1782
1781 6131
5881 1928
5881 6006
3844 6006
1798 1846
3859 1845
3860 2047
5925 3966
5926 6021
3903 3904
5957 1944
5957 2015
5957 1943
1879 1880
1896 6022
6005 6006
6006 6084
3965 3966
1928 1983
1943 2015
1943 1944
6051 6052
1981 2031
1982 2032
1999 2000
6099 6100
6100 4062
6115 6116
6131 6132
