4102 2010
4102 3312
4102 7684
4102 6435
4102 6917
4102 7326
4103 1652
4103 4088
8 964
8 4773
8 2593
8 3718
9 5614
9 2593
9 5396
9 5615
2058 282
2058 6001
2058 7795
2059 148
2059 3329
6156 2773
6156 6263
6157 2988
6157 4685
6157 4759
6157 5334
6157 5335
6157 5920
6157 5936
6157 6016
6157 6996
6157 6964
6157 7764
4117 779
4117 6742
4118 181
4118 224
4118 225
4118 2248
4118 6742
24 4072
24 4411
25 53
25 1213
25 3117
2074 100
2074 347
2074 4880
2074 3149
2075 885
2075 6231
2075 1258
2075 6187
2075 2562
2075 3180
2075 3945
2075 4942
2075 6296
2075 6965
6172 1259
6172 6694
6172 7794
6173 2972
4132 670
4132 3020
4132 6435
4132 1289
4132 2501
4132 7326
4133 6310
4133 5798
4133 5845
38 5877
38 6142
38 5303
2090 732
2090 4640
2090 2091
2090 1258
2091 1041
2091 4640
2091 5567
2091 2867
2091 5551
6186 505
6186 965
6186 2592
6186 3165
6186 3915
6186 5004
6186 5724
6187 671
6187 2517
6187 2741
6187 2883
6187 3021
6187 3703
6187 4364
4147 5319
4147 5411
4148 3808
4148 71
4148 4303
53 1748
53 101
53 1167
53 1213
53 1524
53 2310
53 2326
53 2803
53 3116
53 3809
53 5035
53 5161
53 5240
53 6603
54 4211
54 1167
54 1748
54 749
54 6216
54 2326
2106 1102
2106 1103
2106 2107
2106 6000
2107 377
2107 1102
2107 1103
2107 1525
6202 654
6202 655
6202 3672
6203 3579
6203 3671
6203 4773
6203 4817
6203 5225
6203 5256
4162 4163
4163 716
4163 2676
4163 3292
4163 6694
4163 5366
4163 6695
4163 6900
70 2249
70 5813
70 3148
70 408
70 3489
70 6406
71 6775
71 701
71 3005
71 5457
71 3209
71 5380
6216 425
6216 749
6216 2419
6216 4211
6216 1167
6216 1748
2121 2724
2121 2122
2121 4087
2121 7463
2121 6868
2121 2926
2122 3472
2122 2725
2122 3869
6217 1890
6217 3257
6217 5257
6217 6464
4178 610
4178 4472
4178 424
4178 3869
4179 578
4179 1151
4179 1857
4179 2026
4179 2757
4179 3181
4179 7139
4179 4443
4179 7374
86 7574
86 2547
2136 1041
2136 7623
2136 4991
2136 3534
2137 3210
2137 6617
2137 5067
6230 3656
6230 6949
6231 4365
6231 4991
6231 6296
4194 6726
4194 5424
4194 4910
4195 5177
100 3225
101 1212
101 2926
6246 2434
6246 4594
6246 5113
6246 7281
6247 1953
6247 2851
6247 4926
6247 6603
2152 932
2152 4072
2152 5457
2152 1776
2153 3196
2153 2388
4210 6853
4210 4668
4211 425
4211 749
4211 1167
4211 2326
4211 1748
116 4073
116 3488
6262 6263
6262 7106
6263 1258
6263 3052
6263 7106
2168 640
2168 2169
2168 3518
2169 7639
2169 3518
2169 5271
2169 6823
2169 7781
4225 1509
4225 4489
4225 4350
4225 4226
4226 1509
4226 4489
4226 2709
4226 4350
132 133
132 456
132 563
133 3440
133 3945
6278 5969
6278 7527
6279 1275
6279 3656
6279 5709
6279 2500
2184 7511
2184 2957
2184 3004
2185 269
2185 1228
2185 1336
2185 6758
2185 2563
2185 3456
2185 4025
2185 5286
2185 5424
2185 5535
2185 5550
2185 6679
2185 6711
4240 2533
4241 2011
4241 2911
4241 6079
4241 2200
4241 4442
148 5334
148 7764
148 6997
149 3164
2199 6647
2199 6375
2199 5241
2199 6869
2200 7028
2200 6375
2200 4473
2200 6647
2200 2359
6295 6631
6295 2501
6295 563
6296 1258
6296 2517
6296 5081
4255 298
4255 299
4255 7421
4255 2532
4255 5067
4256 4668
165 611
165 1414
165 1399
165 7310
166 3883
166 1793
166 901
2215 211
2215 4008
2215 2804
2215 5503
2215 5502
2215 2311
2216 1447
2216 6838
2216 4731
2216 5488
6310 5798
6310 7749
6311 3839
6311 4991
4270 2851
4270 5020
4270 4008
4271 4088
180 980
180 5877
180 7606
181 2248
181 2708
181 7575
6326 1258
6326 3361
6326 4701
6327 1620
6327 1792
6327 1793
6327 3068
6327 948
6327 4364
2232 6711
2232 6343
2232 1732
2232 1336
2233 5302
2233 6142
2233 7543
4286 3457
4286 4521
4287 1086
4287 1304
4287 6143
4287 7106
4287 5456
195 6774
195 3441
196 6451
196 5535
196 5646
196 1682
196 595
6342 5351
6343 1792
2248 224
2248 1874
2249 3148
2249 5813
2249 3489
4302 4303
4302 4758
4303 2610
4303 2611
4303 6510
4303 1975
4303 5411
210 1732
210 7748
210 7264
210 2867
210 2279
210 211
210 1733
210 1954
210 2467
210 5534
210 5631
210 6774
210 7462
211 7781
211 5799
6358 3504
6358 3869
2263 901
2263 6016
2263 5472
2263 5097
2264 901
2264 995
2264 1540
2264 1011
2264 2740
2264 4504
2264 5693
6359 1180
6359 7449
6359 995
6359 884
4318 4319
4319 5318
224 6742
224 6375
224 4472
225 5692
225 5693
2278 1463
2278 5503
2278 4653
2278 4731
2279 1119
2279 1732
2279 1733
2279 3329
2279 5080
2279 2389
2279 2788
2279 3992
2279 4381
2279 5985
2279 6932
2279 7264
6374 347
6374 716
6374 3392
6374 6375
6374 6742
6374 6647
6374 6464
6374 6646
6375 794
6375 3312
6375 6647
6375 6016
6375 6540
6375 7028
4334 4335
4334 3224
4335 1275
4335 3292
4335 392
4335 7765
4335 6694
240 3069
240 1509
2294 1320
2294 6630
2294 1492
2294 3824
2295 5067
6390 1509
6390 6391
6390 1011
6390 1508
6391 424
6391 1508
6391 1011
4349 7327
4349 7029
4349 5969
4349 4489
254 7543
255 5647
255 5646
255 3196
255 5303
4350 5472
4350 4489
6405 3993
6405 2374
6405 4520
6405 7090
2310 5035
2310 5145
2311 2451
2311 4008
2311 2804
6406 2517
268 2818
268 562
268 269
269 6421
269 4025
269 3778
4364 855
4364 1525
4364 2883
4365 1556
4365 2418
6420 282
6420 7406
6420 3377
6421 1055
6421 4458
6421 5397
2326 749
2326 2898
2326 1167
2326 1748
2326 5487
2326 7685
2327 330
2327 5067
2327 7780
2327 7639
2327 1336
282 7406
282 1478
282 2343
282 1939
282 6046
283 6016
283 4685
283 5920
283 595
4380 1588
4380 2418
4380 6436
4380 1399
4381 1119
4381 2629
4381 5985
6435 670
6435 4717
6435 5755
6435 6062
6435 7326
6435 7463
6435 6554
6435 7684
6436 5240
6436 2898
6436 3117
2342 6949
2343 1478
298 7542
298 299
299 6694
299 3518
4395 2483
4395 5769
4395 5768
4395 5534
4396 2483
4396 6791
6450 1995
6450 3441
6450 4942
6450 2958
6451 6587
2358 2911
2358 3641
2359 1938
2359 331
2359 7732
2359 1636
314 5860
314 2709
314 7574
314 3869
314 548
314 3257
314 5425
315 3593
315 3884
315 1619
315 2958
4411 4072
6464 6465
6464 3392
6465 5812
6465 4910
2373 1493
2373 7685
2373 2898
2374 489
2374 579
2374 3565
2374 4520
2374 7090
330 7780
330 5828
330 7639
330 2773
331 2911
331 901
331 6143
4426 4427
4427 3181
6478 346
6478 5663
2388 2434
2388 7139
2388 1939
2388 4443
2388 4072
2388 7374
2389 3883
346 6127
346 3608
346 5663
347 5860
347 548
347 5380
347 5861
347 1180
4442 1415
4443 1151
4443 7139
4443 4024
4443 1939
4443 7374
6494 6495
6494 4041
6495 1087
6495 4041
6495 7733
6495 5080
6495 7203
2403 640
2403 4895
2403 5952
2403 4759
2404 3976
4457 5287
362 2724
362 578
363 885
363 3899
363 808
4458 5034
4458 1054
6511 6110
6511 2661
2418 1588
2419 535
2419 1167
377 3733
377 1922
377 2883
377 855
377 3703
4473 7574
4473 3869
6524 1715
6524 4866
6524 4867
6525 4880
2434 1026
2434 7280
2435 2926
2435 3164
2435 1525
392 7765
392 5271
392 3518
392 393
392 1666
392 6727
393 7765
393 2676
4488 4489
4488 6869
4489 1509
4489 7327
6540 5519
6540 6647
6540 6016
6540 7448
6541 3883
6541 3884
6541 3196
6541 7171
6541 6997
6541 7342
6541 5302
2450 687
2450 900
2450 1808
2450 7391
2450 3132
2450 5984
2450 6079
2451 4008
2451 1118
2451 5502
408 5813
409 6143
409 2011
409 1761
4504 7449
4504 2740
4504 5241
4505 2577
4505 7407
4505 1975
6554 670
6554 1228
6554 1229
6554 2834
6554 6884
6555 1229
6555 2834
6555 1605
2466 2467
2466 871
2466 3931
2467 6774
2467 7748
424 3209
425 749
425 3117
425 1167
425 2898
425 1748
4520 489
4520 3565
4520 7090
4520 5876
4520 4521
4520 6885
6570 441
6570 981
6570 1135
6570 1697
6570 1841
6570 2943
6570 5424
6570 1732
6571 3503
6571 7607
2483 2772
2483 5769
2483 5768
2484 2725
2484 7326
2484 1525
2484 3472
4535 3409
4535 748
4535 4610
4535 1974
4535 5535
440 5286
440 5550
441 6726
4536 1258
4536 2804
4536 3052
6586 1540
6586 7670
6586 6678
6586 5631
6587 4787
2500 6884
2500 7343
2501 1994
2501 3915
2501 3133
2501 6839
4549 4745
456 3393
456 5411
6602 2803
6603 5035
6603 6679
4563 1508
4563 7342
2516 3344
2516 1446
2516 1243
2516 1431
2516 6964
2517 838
2517 3946
2517 7375
2517 3196
4564 3535
4564 2788
4564 5845
472 1525
472 6791
472 4578
6616 4833
6616 563
6616 7186
6616 3149
6617 6033
4578 6000
4578 6001
4578 4024
4578 7795
4579 2645
4579 5066
4579 6790
2532 5067
2532 3272
2532 5678
2532 5679
2532 5829
2532 7421
2533 838
2533 3360
2533 7059
2533 5067
2533 5741
2533 7510
6630 3824
6630 6047
6630 7795
6631 1197
6631 1792
6631 4609
6631 5241
6631 7327
488 3686
488 7420
488 5160
488 5350
489 3565
489 579
489 3564
489 4802
489 6885
4594 5113
4594 5440
4594 6046
2547 2548
2548 1857
2548 7139
4595 1011
4595 6016
6647 794
6647 3312
6647 3579
6647 5051
6647 6869
504 3116
504 505
504 3117
505 3116
505 3195
505 3165
505 5457
505 7700
4609 4041
4609 5241
4609 5209
2562 885
2562 4942
2562 2883
2562 1525
2563 6758
4610 748
4610 1974
4610 7059
518 519
6662 1181
6662 6965
6663 5518
6663 3456
4624 7029
2578 1589
2578 1939
2578 3257
2578 1841
2578 2740
4625 7250
534 778
535 1167
6678 7670
6678 3313
6678 1667
6679 4816
4639 4640
2592 3195
2592 4701
2593 964
2593 965
2593 4773
2593 3718
2593 5396
4640 732
4640 1258
4640 6806
4640 7138
548 5860
548 5861
548 5936
549 5937
549 5411
549 1975
549 2610
549 5519
549 1026
6694 1809
6694 2629
6694 2676
6694 3657
6694 3854
6694 5366
6694 6900
6694 6695
6694 7765
6695 5366
6695 6900
4653 1118
4653 1243
4653 1431
4653 1463
4653 2835
4653 5410
4654 794
4654 2677
4654 7012
562 2867
563 1524
563 1289
563 4833
563 7407
563 7700
2610 5319
2610 5519
2610 5411
2610 6743
2611 5920
2611 3808
6710 5192
6710 5067
6710 4024
6711 1070
6711 1336
6711 1733
6711 3535
6711 4701
6711 5551
6711 1732
6711 6807
4668 1479
4668 5473
4668 7044
4669 793
4669 822
4669 1682
4669 2835
578 3930
578 624
579 3565
579 4802
579 6885
2628 1856
2628 7701
2629 1119
6726 2943
6726 3241
6726 3535
6726 5424
6726 5534
6726 6033
6727 7765
6727 3518
4684 3609
4685 6996
4685 4759
4685 6047
594 1102
594 595
595 1922
2644 2645
2644 7123
2644 2741
2644 7295
2645 5176
2645 916
2645 6790
2645 4880
6742 3641
6742 3840
6742 4040
6742 4832
6742 4833
6742 4911
6742 5020
6742 5021
6742 5051
6742 7187
6743 1524
6743 7543
4700 870
4700 5050
4700 4975
4701 3329
4701 6142
4701 4817
4701 6932
610 5828
610 5351
610 5724
610 3195
610 1994
611 2011
611 2010
2660 1697
2660 1874
2660 1696
2660 2973
2660 4942
2661 1874
6758 5286
6759 1975
4716 3210
4716 3580
4716 3456
624 7311
624 7479
624 5080
624 7310
2676 1809
2677 3519
2677 1635
2677 7280
6774 2850
6774 2866
6774 5020
6774 7748
6774 1732
6774 5351
6774 7187
6775 1415
6775 3117
6775 5411
6775 5631
6775 5724
4730 854
4730 1197
4730 5488
4731 2043
4731 1150
640 4895
640 3976
640 5192
640 5754
641 4911
641 2912
641 3084
2692 1651
2692 3424
2692 2693
2693 1890
2693 3424
6790 5176
6791 1604
6791 1605
6791 4803
6791 5708
6791 5844
6791 5067
6791 6949
4745 948
4745 1242
4745 1259
4745 1620
4745 3068
4745 4746
4745 7218
4745 7606
4746 871
4746 948
655 4802
655 4991
655 2725
655 4803
2708 1027
2708 1166
2708 7028
2708 5782
2709 5096
2709 2911
2709 4833
4758 701
4758 1463
4758 5208
4759 980
4759 700
4759 2988
4759 4879
4759 7171
6806 1134
6806 1682
6806 3101
670 1776
670 1777
670 3020
670 5112
671 3021
671 7375
671 5812
671 4942
2724 3930
2724 2926
2724 917
2725 1525
2725 3472
4772 716
4772 3037
4772 5225
4772 3224
4772 5256
4772 3608
4773 964
4773 3718
6822 7638
6822 7420
6822 7421
6822 3344
6822 5067
6823 1588
6823 7639
6823 7421
6823 7043
686 5952
686 4057
686 5192
687 7558
687 900
687 933
4786 1447
4786 6852
4787 932
2740 7075
2740 7449
2740 5812
2740 3005
2740 3808
2741 1525
2741 7123
2741 2883
2741 3960
2741 7295
6838 5351
6838 838
6838 6839
6839 5351
700 701
700 5035
700 3257
700 6981
701 5145
701 7058
701 7075
4803 1525
4803 5066
4803 5067
2757 1619
2757 1732
2757 7748
2757 3181
2757 7139
6852 5892
6852 6853
6852 1715
6852 917
6852 7462
6853 1102
716 5257
716 5256
717 1557
717 3657
717 7138
4816 948
4816 7421
4816 4817
4816 7511
4816 7781
4817 3593
4817 3037
4817 2973
2772 5679
2773 5828
6868 1923
6868 7326
6869 3641
6869 4894
6869 5051
732 5440
732 1572
733 5129
4832 5861
4832 4833
2788 871
2788 6932
2788 3883
2788 5050
2789 1462
2789 1667
6884 7343
6884 5535
6885 3565
748 1974
748 749
748 4024
748 7059
748 7390
749 2898
749 1167
749 1040
4849 1446
4850 3764
4850 7606
2804 4008
2804 3594
2804 4009
2804 4974
6900 1762
6901 3609
6901 5380
6901 7390
6901 1011
6901 5351
6901 7281
764 1167
764 1212
764 1748
764 1040
765 1651
765 4056
765 994
765 2850
765 4057
2818 1840
2818 1619
2818 6142
2818 2867
4866 1715
4866 1922
4866 4867
4866 7701
4867 1715
4867 5081
4867 1102
778 1939
778 1151
4879 3256
4879 6047
4880 916
4880 1196
4880 5176
2834 1228
2835 793
2835 1682
6932 7013
6932 3329
6933 1938
6933 3779
6933 5366
6933 5397
6933 5410
6933 7374
4894 2911
4895 5952
4895 5799
2850 994
2850 4056
2850 5020
2850 4057
2850 2851
2851 994
2851 5020
2851 5425
6948 7435
6949 7748
6949 1732
808 885
808 4990
808 3899
809 1320
809 3069
809 3328
4911 3641
4911 3840
2866 1118
2867 1010
2867 1840
2867 3148
2867 5351
2867 5769
2867 7091
2867 7264
2867 7390
6964 7358
6964 7091
6964 6016
6964 5920
822 1682
4927 4024
4927 7590
2882 884
2882 1398
2882 7155
2883 1525
2883 1922
2883 3733
2883 3702
6980 7749
6980 7218
838 1258
4943 1923
4943 5708
4943 5783
2897 1636
2897 5519
2897 2957
2898 1167
2898 5161
6996 2988
6996 5334
6996 6017
6996 7764
6997 2989
6997 5021
6997 5334
6997 5920
6997 5936
6997 7559
6997 6016
6997 5020
6997 3840
6997 7764
6997 7171
854 1197
854 7171
4958 1906
2911 1824
2911 2010
2911 2011
2912 1589
2912 7449
2912 1087
2912 3504
4959 5861
7013 7748
7013 1732
870 3549
871 948
871 3931
2926 6062
2926 5503
2926 5145
4974 4975
4975 1907
4975 5985
4975 7294
4975 7295
884 1398
884 4990
884 4991
885 5081
885 3945
7028 6016
7029 3855
2942 7280
2942 7670
2942 5488
2942 7281
2942 7671
2943 5424
4991 1369
4991 3180
4991 3899
900 5984
900 933
900 6079
900 7374
901 6016
901 5519
7044 1681
7044 3733
7044 5067
7044 1525
5004 3914
5004 5005
5004 5208
5004 948
2957 6143
2957 1086
2958 7449
2958 3764
2958 4057
5005 1994
5005 3209
5005 3914
7059 3946
916 5176
917 3930
917 3961
917 7326
2972 5798
2973 1696
2973 1697
2973 3593
2973 3748
2973 3915
2973 5350
2973 7342
5020 3840
5021 4040
5021 3840
7074 7264
7075 995
932 4072
933 1087
933 7558
5034 1054
5034 1430
5034 4025
5034 5224
5034 7219
5034 7342
5035 7343
2988 7606
2988 5920
2988 5724
2988 2989
2988 3329
2988 5334
2988 5335
2988 5566
2988 6017
2988 7764
2989 6017
2989 5920
2989 3883
2989 5725
7090 1026
7090 3734
7090 7265
7090 3565
7090 7716
7091 1840
948 1259
948 1620
948 3068
948 7781
949 7606
5051 3641
3004 5985
3004 7264
3004 1732
3004 5176
3004 5424
3005 1337
3005 3360
7106 2010
7106 3312
7106 5066
7107 5270
7107 1166
7107 5725
964 3718
965 5907
965 5741
5066 1103
5066 1479
5066 3961
5066 1102
5066 5630
5067 1588
5067 1681
5067 3272
5067 3273
5067 3344
5067 5678
5067 5679
5067 5799
5067 5829
5067 7421
5067 7780
3020 3748
3020 3749
3021 7375
7122 7670
7122 7234
7123 3960
7123 7295
981 1135
981 7654
5080 7526
5080 3519
5081 7717
5081 7155
994 4056
7138 3053
7138 3164
7138 7462
7139 1857
7139 1939
5096 1857
5096 6063
5097 6016
3052 1258
3053 7462
3053 1054
3053 3361
1010 3657
1010 5366
1010 5769
1011 7390
1011 5351
1011 1150
1011 1508
1011 1509
1011 3209
7154 1808
7154 5502
7155 3808
5112 3748
5113 1135
5113 3377
5113 3624
5113 5440
5113 5969
5113 5129
5113 5441
5113 7281
5113 7527
5113 7795
3069 1320
3069 1620
1026 7670
1027 7716
1027 5472
7170 1635
5128 5953
5129 3824
5129 3624
3084 3133
3084 5145
3085 1541
3085 5768
1041 5567
7186 3931
7187 3840
5144 1540
5144 7622
5145 5503
3100 3116
3101 3718
3101 1134
1054 1055
1054 1430
1054 4025
1055 3778
1055 4024
7202 3734
7202 5876
7202 7265
7203 3535
7203 3519
5160 7435
5160 5161
5161 6062
3116 1524
3117 1213
3117 1524
3117 7607
1070 1087
1071 3360
7218 5209
7218 3550
7218 7606
5176 1747
5176 3408
5176 3960
5176 5177
5176 5921
5177 1605
5177 5473
3132 1808
3132 7558
3132 5984
3133 7264
1086 6143
1086 2011
1087 7733
1087 6142
7234 1856
7234 3504
7234 7670
7235 3329
5192 5952
5192 6142
5193 5877
5193 7526
3149 1415
3149 5351
1102 1103
1102 1479
1102 1604
1102 1714
1102 3719
1102 5630
1103 3241
7250 7251
7250 5488
7251 5755
3164 1258
3164 3825
3165 7684
3165 3361
1118 1431
1118 3594
7265 7359
5224 1733
5224 5631
5225 3225
5225 3608
5225 3224
5225 5662
3180 3899
3180 3181
1134 1762
1135 1697
1135 3809
7280 7670
7281 3609
7281 1524
5241 6094
3195 3946
3195 3764
3195 5566
3195 7375
1150 1414
1150 3839
1150 5812
1151 1841
7294 1907
7294 7295
7294 5456
7295 1907
5256 3608
5256 3671
5256 5257
5256 3224
5256 5647
5256 5663
3209 1509
5257 3608
5257 3224
5257 5662
1166 5877
1166 5270
1167 1748
1167 1212
1167 7685
7310 7311
7310 3377
7311 6046
5270 3748
5271 3518
5271 7765
3224 3608
3224 5663
1180 7463
7326 1289
7326 3899
7326 3961
7326 7700
5286 3456
5287 3441
3240 3241
3241 3702
3241 5583
7342 1415
7343 5535
5302 3883
5302 6142
5303 5456
5303 5782
5303 5647
1212 1748
1212 4008
1213 7607
1213 1321
1213 1651
7359 6142
5318 3702
5319 1975
5319 5411
3272 3273
3273 1681
1228 1446
1228 5424
7374 3292
7375 3946
5334 5725
5334 7764
5335 1243
5335 5724
5335 5920
1243 5410
1243 5984
3292 7765
3293 3294
3294 5534
7390 5351
7391 6079
5351 1954
5351 1994
5351 3870
1258 3345
1258 5551
7406 1478
7407 1524
3313 1776
3313 1777
3313 6046
5366 3854
5367 1682
7420 7421
7421 7781
3328 1320
3328 1321
3328 1492
3329 7511
3329 3992
5380 5381
5380 6110
5381 1906
1288 1525
1289 3961
1289 1524
1289 7700
7434 3719
7434 3855
7434 5906
7434 7435
7435 3719
3344 1304
3344 7559
3345 5551
3345 5410
5396 4025
5397 3778
1304 7543
1304 5952
1304 7448
1305 1761
1305 6126
7448 6143
7448 3579
7449 6094
7449 5877
3361 1557
3361 1776
3361 1777
3361 3657
3361 3825
3361 6110
5410 5456
5410 5741
5411 5937
5411 3393
7463 5755
7463 6062
7463 7591
7463 7717
1320 1321
1320 1415
1320 1492
1321 7607
3377 7527
5424 3535
5424 5534
5425 3456
7478 7479
7479 6095
1337 3808
1337 3640
3392 3393
5440 1479
5440 5969
5440 7527
5441 6063
5441 5969
5441 7716
7494 7495
7494 7794
1352 3898
1352 6062
3408 1873
3409 5535
3409 1732
5457 4072
7510 7780
7510 7781
7511 1840
7511 5631
1368 1605
1369 5893
1369 7701
3424 1651
3424 4088
3424 3425
3425 1652
3425 4088
1382 6046
1383 3779
7526 1973
7526 5845
7526 7623
5487 6062
5487 5755
5487 6063
3440 1825
5488 3793
5488 7670
5488 7671
1398 5662
1399 7574
1399 2043
5502 3473
5502 4008
5503 3594
5503 4087
5503 5755
3456 5535
3456 5518
1415 5519
1415 5631
7558 6079
7559 5920
3473 3931
1431 5828
1431 4009
7574 3869
5534 1651
3488 7670
3488 4073
1446 5740
7590 7591
7590 1857
7590 7794
5550 3519
5550 6142
5550 5877
3503 1906
3504 6047
1463 5984
1463 7685
7606 5920
7607 1524
3518 7765
3518 7639
3519 6142
3519 6094
5566 5920
5566 5724
5567 7622
1479 5630
7623 6046
3534 3914
1493 5782
1493 2027
1493 1793
3549 7670
5598 1856
5598 4040
5599 6142
5599 5877
1508 1995
7654 5740
7654 5892
7655 1525
3564 1994
3565 7716
5614 5615
5615 4024
1525 1922
1525 3733
7671 5969
1541 3977
7684 7700
3593 3884
5647 5782
1556 3992
1556 3993
7701 1715
3608 5663
5663 2042
5663 3671
1572 5709
5678 3899
7732 1938
7732 1636
7733 6143
7733 4041
3641 3840
3641 5693
3641 5860
1604 1605
1604 3931
1605 3733
1605 5844
7748 1732
7748 1733
7748 1954
7748 5708
7749 5798
5708 1732
1619 6142
5724 3793
1635 5920
1636 1938
7780 5829
7780 7781
3687 3763
5740 3763
7795 6001
5755 6062
5755 4087
1666 5985
1667 5813
1667 3992
3719 5906
5768 5769
5768 5906
1681 5952
1682 3794
5783 1923
1696 1697
1696 3915
1714 1715
1732 1733
1732 1841
1732 1954
1732 2026
1732 5985
5828 4088
5828 5829
3808 1857
5860 5861
1776 1777
1776 5953
1776 6111
1777 5953
5877 6142
3839 2043
1792 1793
1792 2027
1793 2027
3840 4040
3854 3855
1809 1825
5906 5907
3869 3870
5920 6016
5920 5936
5920 6017
5921 4009
3883 3884
3884 6142
5936 6016
5936 6017
3898 6046
1856 1938
3914 3915
5984 6079
1890 1891
6001 4024
3960 3961
3992 6142
3992 3993
3993 6095
1953 4088
1953 4008
4008 4009
6062 4087
4056 4057
2010 2011
2011 6143
6110 6111
6142 6143
